       300
         1         61       1443        883         42
         2       1443       1444        884        883
         3       1444       1445        885        884
         4       1445       1446        886        885
         5       1446       1447        887        886
         6       1447       1448        888        887
         7       1448       1449        889        888
         8       1449       1450        890        889
         9       1450       1451        891        890
        10       1451       1452        892        891
        11       1452       1453        893        892
        12       1453       1454        894        893
        13       1454       1455        895        894
        14       1455       1456        896        895
        15       1456        484        463        896
        16         60       1429       1443         61
        17       1429       1430       1444       1443
        18       1430       1431       1445       1444
        19       1431       1432       1446       1445
        20       1432       1433       1447       1446
        21       1433       1434       1448       1447
        22       1434       1435       1449       1448
        23       1435       1436       1450       1449
        24       1436       1437       1451       1450
        25       1437       1438       1452       1451
        26       1438       1439       1453       1452
        27       1439       1440       1454       1453
        28       1440       1441       1455       1454
        29       1441       1442       1456       1455
        30       1442        485        484       1456
        31         59       1415       1429         60
        32       1415       1416       1430       1429
        33       1416       1417       1431       1430
        34       1417       1418       1432       1431
        35       1418       1419       1433       1432
        36       1419       1420       1434       1433
        37       1420       1421       1435       1434
        38       1421       1422       1436       1435
        39       1422       1423       1437       1436
        40       1423       1424       1438       1437
        41       1424       1425       1439       1438
        42       1425       1426       1440       1439
        43       1426       1427       1441       1440
        44       1427       1428       1442       1441
        45       1428        486        485       1442
        46         58       1401       1415         59
        47       1401       1402       1416       1415
        48       1402       1403       1417       1416
        49       1403       1404       1418       1417
        50       1404       1405       1419       1418
        51       1405       1406       1420       1419
        52       1406       1407       1421       1420
        53       1407       1408       1422       1421
        54       1408       1409       1423       1422
        55       1409       1410       1424       1423
        56       1410       1411       1425       1424
        57       1411       1412       1426       1425
        58       1412       1413       1427       1426
        59       1413       1414       1428       1427
        60       1414        487        486       1428
        61         57       1387       1401         58
        62       1387       1388       1402       1401
        63       1388       1389       1403       1402
        64       1389       1390       1404       1403
        65       1390       1391       1405       1404
        66       1391       1392       1406       1405
        67       1392       1393       1407       1406
        68       1393       1394       1408       1407
        69       1394       1395       1409       1408
        70       1395       1396       1410       1409
        71       1396       1397       1411       1410
        72       1397       1398       1412       1411
        73       1398       1399       1413       1412
        74       1399       1400       1414       1413
        75       1400        488        487       1414
        76         56       1373       1387         57
        77       1373       1374       1388       1387
        78       1374       1375       1389       1388
        79       1375       1376       1390       1389
        80       1376       1377       1391       1390
        81       1377       1378       1392       1391
        82       1378       1379       1393       1392
        83       1379       1380       1394       1393
        84       1380       1381       1395       1394
        85       1381       1382       1396       1395
        86       1382       1383       1397       1396
        87       1383       1384       1398       1397
        88       1384       1385       1399       1398
        89       1385       1386       1400       1399
        90       1386        489        488       1400
        91         55       1359       1373         56
        92       1359       1360       1374       1373
        93       1360       1361       1375       1374
        94       1361       1362       1376       1375
        95       1362       1363       1377       1376
        96       1363       1364       1378       1377
        97       1364       1365       1379       1378
        98       1365       1366       1380       1379
        99       1366       1367       1381       1380
       100       1367       1368       1382       1381
       101       1368       1369       1383       1382
       102       1369       1370       1384       1383
       103       1370       1371       1385       1384
       104       1371       1372       1386       1385
       105       1372        490        489       1386
       106         54       1345       1359         55
       107       1345       1346       1360       1359
       108       1346       1347       1361       1360
       109       1347       1348       1362       1361
       110       1348       1349       1363       1362
       111       1349       1350       1364       1363
       112       1350       1351       1365       1364
       113       1351       1352       1366       1365
       114       1352       1353       1367       1366
       115       1353       1354       1368       1367
       116       1354       1355       1369       1368
       117       1355       1356       1370       1369
       118       1356       1357       1371       1370
       119       1357       1358       1372       1371
       120       1358        491        490       1372
       121         53       1331       1345         54
       122       1331       1332       1346       1345
       123       1332       1333       1347       1346
       124       1333       1334       1348       1347
       125       1334       1335       1349       1348
       126       1335       1336       1350       1349
       127       1336       1337       1351       1350
       128       1337       1338       1352       1351
       129       1338       1339       1353       1352
       130       1339       1340       1354       1353
       131       1340       1341       1355       1354
       132       1341       1342       1356       1355
       133       1342       1343       1357       1356
       134       1343       1344       1358       1357
       135       1344        492        491       1358
       136         52       1317       1331         53
       137       1317       1318       1332       1331
       138       1318       1319       1333       1332
       139       1319       1320       1334       1333
       140       1320       1321       1335       1334
       141       1321       1322       1336       1335
       142       1322       1323       1337       1336
       143       1323       1324       1338       1337
       144       1324       1325       1339       1338
       145       1325       1326       1340       1339
       146       1326       1327       1341       1340
       147       1327       1328       1342       1341
       148       1328       1329       1343       1342
       149       1329       1330       1344       1343
       150       1330        493        492       1344
       151         51       1303       1317         52
       152       1303       1304       1318       1317
       153       1304       1305       1319       1318
       154       1305       1306       1320       1319
       155       1306       1307       1321       1320
       156       1307       1308       1322       1321
       157       1308       1309       1323       1322
       158       1309       1310       1324       1323
       159       1310       1311       1325       1324
       160       1311       1312       1326       1325
       161       1312       1313       1327       1326
       162       1313       1314       1328       1327
       163       1314       1315       1329       1328
       164       1315       1316       1330       1329
       165       1316        494        493       1330
       166         50       1289       1303         51
       167       1289       1290       1304       1303
       168       1290       1291       1305       1304
       169       1291       1292       1306       1305
       170       1292       1293       1307       1306
       171       1293       1294       1308       1307
       172       1294       1295       1309       1308
       173       1295       1296       1310       1309
       174       1296       1297       1311       1310
       175       1297       1298       1312       1311
       176       1298       1299       1313       1312
       177       1299       1300       1314       1313
       178       1300       1301       1315       1314
       179       1301       1302       1316       1315
       180       1302        495        494       1316
       181         49       1275       1289         50
       182       1275       1276       1290       1289
       183       1276       1277       1291       1290
       184       1277       1278       1292       1291
       185       1278       1279       1293       1292
       186       1279       1280       1294       1293
       187       1280       1281       1295       1294
       188       1281       1282       1296       1295
       189       1282       1283       1297       1296
       190       1283       1284       1298       1297
       191       1284       1285       1299       1298
       192       1285       1286       1300       1299
       193       1286       1287       1301       1300
       194       1287       1288       1302       1301
       195       1288        496        495       1302
       196         48       1261       1275         49
       197       1261       1262       1276       1275
       198       1262       1263       1277       1276
       199       1263       1264       1278       1277
       200       1264       1265       1279       1278
       201       1265       1266       1280       1279
       202       1266       1267       1281       1280
       203       1267       1268       1282       1281
       204       1268       1269       1283       1282
       205       1269       1270       1284       1283
       206       1270       1271       1285       1284
       207       1271       1272       1286       1285
       208       1272       1273       1287       1286
       209       1273       1274       1288       1287
       210       1274        497        496       1288
       211         47       1247       1261         48
       212       1247       1248       1262       1261
       213       1248       1249       1263       1262
       214       1249       1250       1264       1263
       215       1250       1251       1265       1264
       216       1251       1252       1266       1265
       217       1252       1253       1267       1266
       218       1253       1254       1268       1267
       219       1254       1255       1269       1268
       220       1255       1256       1270       1269
       221       1256       1257       1271       1270
       222       1257       1258       1272       1271
       223       1258       1259       1273       1272
       224       1259       1260       1274       1273
       225       1260        498        497       1274
       226         46       1233       1247         47
       227       1233       1234       1248       1247
       228       1234       1235       1249       1248
       229       1235       1236       1250       1249
       230       1236       1237       1251       1250
       231       1237       1238       1252       1251
       232       1238       1239       1253       1252
       233       1239       1240       1254       1253
       234       1240       1241       1255       1254
       235       1241       1242       1256       1255
       236       1242       1243       1257       1256
       237       1243       1244       1258       1257
       238       1244       1245       1259       1258
       239       1245       1246       1260       1259
       240       1246        499        498       1260
       241         45       1219       1233         46
       242       1219       1220       1234       1233
       243       1220       1221       1235       1234
       244       1221       1222       1236       1235
       245       1222       1223       1237       1236
       246       1223       1224       1238       1237
       247       1224       1225       1239       1238
       248       1225       1226       1240       1239
       249       1226       1227       1241       1240
       250       1227       1228       1242       1241
       251       1228       1229       1243       1242
       252       1229       1230       1244       1243
       253       1230       1231       1245       1244
       254       1231       1232       1246       1245
       255       1232        500        499       1246
       256         44       1205       1219         45
       257       1205       1206       1220       1219
       258       1206       1207       1221       1220
       259       1207       1208       1222       1221
       260       1208       1209       1223       1222
       261       1209       1210       1224       1223
       262       1210       1211       1225       1224
       263       1211       1212       1226       1225
       264       1212       1213       1227       1226
       265       1213       1214       1228       1227
       266       1214       1215       1229       1228
       267       1215       1216       1230       1229
       268       1216       1217       1231       1230
       269       1217       1218       1232       1231
       270       1218        501        500       1232
       271         43       1191       1205         44
       272       1191       1192       1206       1205
       273       1192       1193       1207       1206
       274       1193       1194       1208       1207
       275       1194       1195       1209       1208
       276       1195       1196       1210       1209
       277       1196       1197       1211       1210
       278       1197       1198       1212       1211
       279       1198       1199       1213       1212
       280       1199       1200       1214       1213
       281       1200       1201       1215       1214
       282       1201       1202       1216       1215
       283       1202       1203       1217       1216
       284       1203       1204       1218       1217
       285       1204        502        501       1218
       286         22       1177       1191         43
       287       1177       1178       1192       1191
       288       1178       1179       1193       1192
       289       1179       1180       1194       1193
       290       1180       1181       1195       1194
       291       1181       1182       1196       1195
       292       1182       1183       1197       1196
       293       1183       1184       1198       1197
       294       1184       1185       1199       1198
       295       1185       1186       1200       1199
       296       1186       1187       1201       1200
       297       1187       1188       1202       1201
       298       1188       1189       1203       1202
       299       1189       1190       1204       1203
       300       1190        483        502       1204
