       400
        15        882        482        463        484
        30        881        882        484        485
        45        880        881        485        486
        60        879        880        486        487
        75        878        879        487        488
        90        877        878        488        489
       105        876        877        489        490
       120        875        876        490        491
       135        874        875        491        492
       150        873        874        492        493
       165        872        873        493        494
       180        871        872        494        495
       195        870        871        495        496
       210        869        870        496        497
       225        868        869        497        498
       240        867        868        498        499
       255        866        867        499        500
       270        865        866        500        501
       285        864        865        501        502
       300        503        864        502        483
       315        863        481        482        882
       330        862        863        882        881
       345        861        862        881        880
       360        860        861        880        879
       375        859        860        879        878
       390        858        859        878        877
       405        857        858        877        876
       420        856        857        876        875
       435        855        856        875        874
       450        854        855        874        873
       465        853        854        873        872
       480        852        853        872        871
       495        851        852        871        870
       510        850        851        870        869
       525        849        850        869        868
       540        848        849        868        867
       555        847        848        867        866
       570        846        847        866        865
       585        845        846        865        864
       600        504        845        864        503
       615        844        480        481        863
       630        843        844        863        862
       645        842        843        862        861
       660        841        842        861        860
       675        840        841        860        859
       690        839        840        859        858
       705        838        839        858        857
       720        837        838        857        856
       735        836        837        856        855
       750        835        836        855        854
       765        834        835        854        853
       780        833        834        853        852
       795        832        833        852        851
       810        831        832        851        850
       825        830        831        850        849
       840        829        830        849        848
       855        828        829        848        847
       870        827        828        847        846
       885        826        827        846        845
       900        505        826        845        504
       915        825        479        480        844
       930        824        825        844        843
       945        823        824        843        842
       960        822        823        842        841
       975        821        822        841        840
       990        820        821        840        839
      1005        819        820        839        838
      1020        818        819        838        837
      1035        817        818        837        836
      1050        816        817        836        835
      1065        815        816        835        834
      1080        814        815        834        833
      1095        813        814        833        832
      1110        812        813        832        831
      1125        811        812        831        830
      1140        810        811        830        829
      1155        809        810        829        828
      1170        808        809        828        827
      1185        807        808        827        826
      1200        506        807        826        505
      1215        806        478        479        825
      1230        805        806        825        824
      1245        804        805        824        823
      1260        803        804        823        822
      1275        802        803        822        821
      1290        801        802        821        820
      1305        800        801        820        819
      1320        799        800        819        818
      1335        798        799        818        817
      1350        797        798        817        816
      1365        796        797        816        815
      1380        795        796        815        814
      1395        794        795        814        813
      1410        793        794        813        812
      1425        792        793        812        811
      1440        791        792        811        810
      1455        790        791        810        809
      1470        789        790        809        808
      1485        788        789        808        807
      1500        507        788        807        506
      1515        787        477        478        806
      1530        786        787        806        805
      1545        785        786        805        804
      1560        784        785        804        803
      1575        783        784        803        802
      1590        782        783        802        801
      1605        781        782        801        800
      1620        780        781        800        799
      1635        779        780        799        798
      1650        778        779        798        797
      1665        777        778        797        796
      1680        776        777        796        795
      1695        775        776        795        794
      1710        774        775        794        793
      1725        773        774        793        792
      1740        772        773        792        791
      1755        771        772        791        790
      1770        770        771        790        789
      1785        769        770        789        788
      1800        508        769        788        507
      1815        768        476        477        787
      1830        767        768        787        786
      1845        766        767        786        785
      1860        765        766        785        784
      1875        764        765        784        783
      1890        763        764        783        782
      1905        762        763        782        781
      1920        761        762        781        780
      1935        760        761        780        779
      1950        759        760        779        778
      1965        758        759        778        777
      1980        757        758        777        776
      1995        756        757        776        775
      2010        755        756        775        774
      2025        754        755        774        773
      2040        753        754        773        772
      2055        752        753        772        771
      2070        751        752        771        770
      2085        750        751        770        769
      2100        509        750        769        508
      2115        749        475        476        768
      2130        748        749        768        767
      2145        747        748        767        766
      2160        746        747        766        765
      2175        745        746        765        764
      2190        744        745        764        763
      2205        743        744        763        762
      2220        742        743        762        761
      2235        741        742        761        760
      2250        740        741        760        759
      2265        739        740        759        758
      2280        738        739        758        757
      2295        737        738        757        756
      2310        736        737        756        755
      2325        735        736        755        754
      2340        734        735        754        753
      2355        733        734        753        752
      2370        732        733        752        751
      2385        731        732        751        750
      2400        510        731        750        509
      2415        730        474        475        749
      2430        729        730        749        748
      2445        728        729        748        747
      2460        727        728        747        746
      2475        726        727        746        745
      2490        725        726        745        744
      2505        724        725        744        743
      2520        723        724        743        742
      2535        722        723        742        741
      2550        721        722        741        740
      2565        720        721        740        739
      2580        719        720        739        738
      2595        718        719        738        737
      2610        717        718        737        736
      2625        716        717        736        735
      2640        715        716        735        734
      2655        714        715        734        733
      2670        713        714        733        732
      2685        712        713        732        731
      2700        511        712        731        510
      2715        711        473        474        730
      2730        710        711        730        729
      2745        709        710        729        728
      2760        708        709        728        727
      2775        707        708        727        726
      2790        706        707        726        725
      2805        705        706        725        724
      2820        704        705        724        723
      2835        703        704        723        722
      2850        702        703        722        721
      2865        701        702        721        720
      2880        700        701        720        719
      2895        699        700        719        718
      2910        698        699        718        717
      2925        697        698        717        716
      2940        696        697        716        715
      2955        695        696        715        714
      2970        694        695        714        713
      2985        693        694        713        712
      3000        512        693        712        511
      3015        692        472        473        711
      3030        691        692        711        710
      3045        690        691        710        709
      3060        689        690        709        708
      3075        688        689        708        707
      3090        687        688        707        706
      3105        686        687        706        705
      3120        685        686        705        704
      3135        684        685        704        703
      3150        683        684        703        702
      3165        682        683        702        701
      3180        681        682        701        700
      3195        680        681        700        699
      3210        679        680        699        698
      3225        678        679        698        697
      3240        677        678        697        696
      3255        676        677        696        695
      3270        675        676        695        694
      3285        674        675        694        693
      3300        513        674        693        512
      3315        673        471        472        692
      3330        672        673        692        691
      3345        671        672        691        690
      3360        670        671        690        689
      3375        669        670        689        688
      3390        668        669        688        687
      3405        667        668        687        686
      3420        666        667        686        685
      3435        665        666        685        684
      3450        664        665        684        683
      3465        663        664        683        682
      3480        662        663        682        681
      3495        661        662        681        680
      3510        660        661        680        679
      3525        659        660        679        678
      3540        658        659        678        677
      3555        657        658        677        676
      3570        656        657        676        675
      3585        655        656        675        674
      3600        514        655        674        513
      3615        654        470        471        673
      3630        653        654        673        672
      3645        652        653        672        671
      3660        651        652        671        670
      3675        650        651        670        669
      3690        649        650        669        668
      3705        648        649        668        667
      3720        647        648        667        666
      3735        646        647        666        665
      3750        645        646        665        664
      3765        644        645        664        663
      3780        643        644        663        662
      3795        642        643        662        661
      3810        641        642        661        660
      3825        640        641        660        659
      3840        639        640        659        658
      3855        638        639        658        657
      3870        637        638        657        656
      3885        636        637        656        655
      3900        515        636        655        514
      3915        635        469        470        654
      3930        634        635        654        653
      3945        633        634        653        652
      3960        632        633        652        651
      3975        631        632        651        650
      3990        630        631        650        649
      4005        629        630        649        648
      4020        628        629        648        647
      4035        627        628        647        646
      4050        626        627        646        645
      4065        625        626        645        644
      4080        624        625        644        643
      4095        623        624        643        642
      4110        622        623        642        641
      4125        621        622        641        640
      4140        620        621        640        639
      4155        619        620        639        638
      4170        618        619        638        637
      4185        617        618        637        636
      4200        516        617        636        515
      4215        616        468        469        635
      4230        615        616        635        634
      4245        614        615        634        633
      4260        613        614        633        632
      4275        612        613        632        631
      4290        611        612        631        630
      4305        610        611        630        629
      4320        609        610        629        628
      4335        608        609        628        627
      4350        607        608        627        626
      4365        606        607        626        625
      4380        605        606        625        624
      4395        604        605        624        623
      4410        603        604        623        622
      4425        602        603        622        621
      4440        601        602        621        620
      4455        600        601        620        619
      4470        599        600        619        618
      4485        598        599        618        617
      4500        517        598        617        516
      4515        597        467        468        616
      4530        596        597        616        615
      4545        595        596        615        614
      4560        594        595        614        613
      4575        593        594        613        612
      4590        592        593        612        611
      4605        591        592        611        610
      4620        590        591        610        609
      4635        589        590        609        608
      4650        588        589        608        607
      4665        587        588        607        606
      4680        586        587        606        605
      4695        585        586        605        604
      4710        584        585        604        603
      4725        583        584        603        602
      4740        582        583        602        601
      4755        581        582        601        600
      4770        580        581        600        599
      4785        579        580        599        598
      4800        518        579        598        517
      4815        578        466        467        597
      4830        577        578        597        596
      4845        576        577        596        595
      4860        575        576        595        594
      4875        574        575        594        593
      4890        573        574        593        592
      4905        572        573        592        591
      4920        571        572        591        590
      4935        570        571        590        589
      4950        569        570        589        588
      4965        568        569        588        587
      4980        567        568        587        586
      4995        566        567        586        585
      5010        565        566        585        584
      5025        564        565        584        583
      5040        563        564        583        582
      5055        562        563        582        581
      5070        561        562        581        580
      5085        560        561        580        579
      5100        519        560        579        518
      5115        559        465        466        578
      5130        558        559        578        577
      5145        557        558        577        576
      5160        556        557        576        575
      5175        555        556        575        574
      5190        554        555        574        573
      5205        553        554        573        572
      5220        552        553        572        571
      5235        551        552        571        570
      5250        550        551        570        569
      5265        549        550        569        568
      5280        548        549        568        567
      5295        547        548        567        566
      5310        546        547        566        565
      5325        545        546        565        564
      5340        544        545        564        563
      5355        543        544        563        562
      5370        542        543        562        561
      5385        541        542        561        560
      5400        520        541        560        519
      5415        540        464        465        559
      5430        539        540        559        558
      5445        538        539        558        557
      5460        537        538        557        556
      5475        536        537        556        555
      5490        535        536        555        554
      5505        534        535        554        553
      5520        533        534        553        552
      5535        532        533        552        551
      5550        531        532        551        550
      5565        530        531        550        549
      5580        529        530        549        548
      5595        528        529        548        547
      5610        527        528        547        546
      5625        526        527        546        545
      5640        525        526        545        544
      5655        524        525        544        543
      5670        523        524        543        542
      5685        522        523        542        541
      5700        521        522        541        520
      5715        462        443        464        540
      5730        461        462        540        539
      5745        460        461        539        538
      5760        459        460        538        537
      5775        458        459        537        536
      5790        457        458        536        535
      5805        456        457        535        534
      5820        455        456        534        533
      5835        454        455        533        532
      5850        453        454        532        531
      5865        452        453        531        530
      5880        451        452        530        529
      5895        450        451        529        528
      5910        449        450        528        527
      5925        448        449        527        526
      5940        447        448        526        525
      5955        446        447        525        524
      5970        445        446        524        523
      5985        444        445        523        522
      6000        442        444        522        521
