       300
      5701          1        897       1737          3
      5702        897        898       1738       1737
      5703        898        899       1739       1738
      5704        899        900       1740       1739
      5705        900        901       1741       1740
      5706        901        902       1742       1741
      5707        902        903       1743       1742
      5708        903        904       1744       1743
      5709        904        905       1745       1744
      5710        905        906       1746       1745
      5711        906        907       1747       1746
      5712        907        908       1748       1747
      5713        908        909       1749       1748
      5714        909        910       1750       1749
      5715        910        443        462       1750
      5716          3       1737       1751          4
      5717       1737       1738       1752       1751
      5718       1738       1739       1753       1752
      5719       1739       1740       1754       1753
      5720       1740       1741       1755       1754
      5721       1741       1742       1756       1755
      5722       1742       1743       1757       1756
      5723       1743       1744       1758       1757
      5724       1744       1745       1759       1758
      5725       1745       1746       1760       1759
      5726       1746       1747       1761       1760
      5727       1747       1748       1762       1761
      5728       1748       1749       1763       1762
      5729       1749       1750       1764       1763
      5730       1750        462        461       1764
      5731          4       1751       1765          5
      5732       1751       1752       1766       1765
      5733       1752       1753       1767       1766
      5734       1753       1754       1768       1767
      5735       1754       1755       1769       1768
      5736       1755       1756       1770       1769
      5737       1756       1757       1771       1770
      5738       1757       1758       1772       1771
      5739       1758       1759       1773       1772
      5740       1759       1760       1774       1773
      5741       1760       1761       1775       1774
      5742       1761       1762       1776       1775
      5743       1762       1763       1777       1776
      5744       1763       1764       1778       1777
      5745       1764        461        460       1778
      5746          5       1765       1779          6
      5747       1765       1766       1780       1779
      5748       1766       1767       1781       1780
      5749       1767       1768       1782       1781
      5750       1768       1769       1783       1782
      5751       1769       1770       1784       1783
      5752       1770       1771       1785       1784
      5753       1771       1772       1786       1785
      5754       1772       1773       1787       1786
      5755       1773       1774       1788       1787
      5756       1774       1775       1789       1788
      5757       1775       1776       1790       1789
      5758       1776       1777       1791       1790
      5759       1777       1778       1792       1791
      5760       1778        460        459       1792
      5761          6       1779       1793          7
      5762       1779       1780       1794       1793
      5763       1780       1781       1795       1794
      5764       1781       1782       1796       1795
      5765       1782       1783       1797       1796
      5766       1783       1784       1798       1797
      5767       1784       1785       1799       1798
      5768       1785       1786       1800       1799
      5769       1786       1787       1801       1800
      5770       1787       1788       1802       1801
      5771       1788       1789       1803       1802
      5772       1789       1790       1804       1803
      5773       1790       1791       1805       1804
      5774       1791       1792       1806       1805
      5775       1792        459        458       1806
      5776          7       1793       1807          8
      5777       1793       1794       1808       1807
      5778       1794       1795       1809       1808
      5779       1795       1796       1810       1809
      5780       1796       1797       1811       1810
      5781       1797       1798       1812       1811
      5782       1798       1799       1813       1812
      5783       1799       1800       1814       1813
      5784       1800       1801       1815       1814
      5785       1801       1802       1816       1815
      5786       1802       1803       1817       1816
      5787       1803       1804       1818       1817
      5788       1804       1805       1819       1818
      5789       1805       1806       1820       1819
      5790       1806        458        457       1820
      5791          8       1807       1821          9
      5792       1807       1808       1822       1821
      5793       1808       1809       1823       1822
      5794       1809       1810       1824       1823
      5795       1810       1811       1825       1824
      5796       1811       1812       1826       1825
      5797       1812       1813       1827       1826
      5798       1813       1814       1828       1827
      5799       1814       1815       1829       1828
      5800       1815       1816       1830       1829
      5801       1816       1817       1831       1830
      5802       1817       1818       1832       1831
      5803       1818       1819       1833       1832
      5804       1819       1820       1834       1833
      5805       1820        457        456       1834
      5806          9       1821       1835         10
      5807       1821       1822       1836       1835
      5808       1822       1823       1837       1836
      5809       1823       1824       1838       1837
      5810       1824       1825       1839       1838
      5811       1825       1826       1840       1839
      5812       1826       1827       1841       1840
      5813       1827       1828       1842       1841
      5814       1828       1829       1843       1842
      5815       1829       1830       1844       1843
      5816       1830       1831       1845       1844
      5817       1831       1832       1846       1845
      5818       1832       1833       1847       1846
      5819       1833       1834       1848       1847
      5820       1834        456        455       1848
      5821         10       1835       1849         11
      5822       1835       1836       1850       1849
      5823       1836       1837       1851       1850
      5824       1837       1838       1852       1851
      5825       1838       1839       1853       1852
      5826       1839       1840       1854       1853
      5827       1840       1841       1855       1854
      5828       1841       1842       1856       1855
      5829       1842       1843       1857       1856
      5830       1843       1844       1858       1857
      5831       1844       1845       1859       1858
      5832       1845       1846       1860       1859
      5833       1846       1847       1861       1860
      5834       1847       1848       1862       1861
      5835       1848        455        454       1862
      5836         11       1849       1863         12
      5837       1849       1850       1864       1863
      5838       1850       1851       1865       1864
      5839       1851       1852       1866       1865
      5840       1852       1853       1867       1866
      5841       1853       1854       1868       1867
      5842       1854       1855       1869       1868
      5843       1855       1856       1870       1869
      5844       1856       1857       1871       1870
      5845       1857       1858       1872       1871
      5846       1858       1859       1873       1872
      5847       1859       1860       1874       1873
      5848       1860       1861       1875       1874
      5849       1861       1862       1876       1875
      5850       1862        454        453       1876
      5851         12       1863       1877         13
      5852       1863       1864       1878       1877
      5853       1864       1865       1879       1878
      5854       1865       1866       1880       1879
      5855       1866       1867       1881       1880
      5856       1867       1868       1882       1881
      5857       1868       1869       1883       1882
      5858       1869       1870       1884       1883
      5859       1870       1871       1885       1884
      5860       1871       1872       1886       1885
      5861       1872       1873       1887       1886
      5862       1873       1874       1888       1887
      5863       1874       1875       1889       1888
      5864       1875       1876       1890       1889
      5865       1876        453        452       1890
      5866         13       1877       1891         14
      5867       1877       1878       1892       1891
      5868       1878       1879       1893       1892
      5869       1879       1880       1894       1893
      5870       1880       1881       1895       1894
      5871       1881       1882       1896       1895
      5872       1882       1883       1897       1896
      5873       1883       1884       1898       1897
      5874       1884       1885       1899       1898
      5875       1885       1886       1900       1899
      5876       1886       1887       1901       1900
      5877       1887       1888       1902       1901
      5878       1888       1889       1903       1902
      5879       1889       1890       1904       1903
      5880       1890        452        451       1904
      5881         14       1891       1905         15
      5882       1891       1892       1906       1905
      5883       1892       1893       1907       1906
      5884       1893       1894       1908       1907
      5885       1894       1895       1909       1908
      5886       1895       1896       1910       1909
      5887       1896       1897       1911       1910
      5888       1897       1898       1912       1911
      5889       1898       1899       1913       1912
      5890       1899       1900       1914       1913
      5891       1900       1901       1915       1914
      5892       1901       1902       1916       1915
      5893       1902       1903       1917       1916
      5894       1903       1904       1918       1917
      5895       1904        451        450       1918
      5896         15       1905       1919         16
      5897       1905       1906       1920       1919
      5898       1906       1907       1921       1920
      5899       1907       1908       1922       1921
      5900       1908       1909       1923       1922
      5901       1909       1910       1924       1923
      5902       1910       1911       1925       1924
      5903       1911       1912       1926       1925
      5904       1912       1913       1927       1926
      5905       1913       1914       1928       1927
      5906       1914       1915       1929       1928
      5907       1915       1916       1930       1929
      5908       1916       1917       1931       1930
      5909       1917       1918       1932       1931
      5910       1918        450        449       1932
      5911         16       1919       1933         17
      5912       1919       1920       1934       1933
      5913       1920       1921       1935       1934
      5914       1921       1922       1936       1935
      5915       1922       1923       1937       1936
      5916       1923       1924       1938       1937
      5917       1924       1925       1939       1938
      5918       1925       1926       1940       1939
      5919       1926       1927       1941       1940
      5920       1927       1928       1942       1941
      5921       1928       1929       1943       1942
      5922       1929       1930       1944       1943
      5923       1930       1931       1945       1944
      5924       1931       1932       1946       1945
      5925       1932        449        448       1946
      5926         17       1933       1947         18
      5927       1933       1934       1948       1947
      5928       1934       1935       1949       1948
      5929       1935       1936       1950       1949
      5930       1936       1937       1951       1950
      5931       1937       1938       1952       1951
      5932       1938       1939       1953       1952
      5933       1939       1940       1954       1953
      5934       1940       1941       1955       1954
      5935       1941       1942       1956       1955
      5936       1942       1943       1957       1956
      5937       1943       1944       1958       1957
      5938       1944       1945       1959       1958
      5939       1945       1946       1960       1959
      5940       1946        448        447       1960
      5941         18       1947       1961         19
      5942       1947       1948       1962       1961
      5943       1948       1949       1963       1962
      5944       1949       1950       1964       1963
      5945       1950       1951       1965       1964
      5946       1951       1952       1966       1965
      5947       1952       1953       1967       1966
      5948       1953       1954       1968       1967
      5949       1954       1955       1969       1968
      5950       1955       1956       1970       1969
      5951       1956       1957       1971       1970
      5952       1957       1958       1972       1971
      5953       1958       1959       1973       1972
      5954       1959       1960       1974       1973
      5955       1960        447        446       1974
      5956         19       1961       1975         20
      5957       1961       1962       1976       1975
      5958       1962       1963       1977       1976
      5959       1963       1964       1978       1977
      5960       1964       1965       1979       1978
      5961       1965       1966       1980       1979
      5962       1966       1967       1981       1980
      5963       1967       1968       1982       1981
      5964       1968       1969       1983       1982
      5965       1969       1970       1984       1983
      5966       1970       1971       1985       1984
      5967       1971       1972       1986       1985
      5968       1972       1973       1987       1986
      5969       1973       1974       1988       1987
      5970       1974        446        445       1988
      5971         20       1975       1989         21
      5972       1975       1976       1990       1989
      5973       1976       1977       1991       1990
      5974       1977       1978       1992       1991
      5975       1978       1979       1993       1992
      5976       1979       1980       1994       1993
      5977       1980       1981       1995       1994
      5978       1981       1982       1996       1995
      5979       1982       1983       1997       1996
      5980       1983       1984       1998       1997
      5981       1984       1985       1999       1998
      5982       1985       1986       2000       1999
      5983       1986       1987       2001       2000
      5984       1987       1988       2002       2001
      5985       1988        445        444       2002
      5986         21       1989       1457          2
      5987       1989       1990       1458       1457
      5988       1990       1991       1459       1458
      5989       1991       1992       1460       1459
      5990       1992       1993       1461       1460
      5991       1993       1994       1462       1461
      5992       1994       1995       1463       1462
      5993       1995       1996       1464       1463
      5994       1996       1997       1465       1464
      5995       1997       1998       1466       1465
      5996       1998       1999       1467       1466
      5997       1999       2000       1468       1467
      5998       2000       2001       1469       1468
      5999       2001       2002       1470       1469
      6000       2002        444        442       1470
