       300
       286         41       1723       1177         22
       287       1723       1724       1178       1177
       288       1724       1725       1179       1178
       289       1725       1726       1180       1179
       290       1726       1727       1181       1180
       291       1727       1728       1182       1181
       292       1728       1729       1183       1182
       293       1729       1730       1184       1183
       294       1730       1731       1185       1184
       295       1731       1732       1186       1185
       296       1732       1733       1187       1186
       297       1733       1734       1188       1187
       298       1734       1735       1189       1188
       299       1735       1736       1190       1189
       300       1736        503        483       1190
       586         40       1709       1723         41
       587       1709       1710       1724       1723
       588       1710       1711       1725       1724
       589       1711       1712       1726       1725
       590       1712       1713       1727       1726
       591       1713       1714       1728       1727
       592       1714       1715       1729       1728
       593       1715       1716       1730       1729
       594       1716       1717       1731       1730
       595       1717       1718       1732       1731
       596       1718       1719       1733       1732
       597       1719       1720       1734       1733
       598       1720       1721       1735       1734
       599       1721       1722       1736       1735
       600       1722        504        503       1736
       886         39       1695       1709         40
       887       1695       1696       1710       1709
       888       1696       1697       1711       1710
       889       1697       1698       1712       1711
       890       1698       1699       1713       1712
       891       1699       1700       1714       1713
       892       1700       1701       1715       1714
       893       1701       1702       1716       1715
       894       1702       1703       1717       1716
       895       1703       1704       1718       1717
       896       1704       1705       1719       1718
       897       1705       1706       1720       1719
       898       1706       1707       1721       1720
       899       1707       1708       1722       1721
       900       1708        505        504       1722
      1186         38       1681       1695         39
      1187       1681       1682       1696       1695
      1188       1682       1683       1697       1696
      1189       1683       1684       1698       1697
      1190       1684       1685       1699       1698
      1191       1685       1686       1700       1699
      1192       1686       1687       1701       1700
      1193       1687       1688       1702       1701
      1194       1688       1689       1703       1702
      1195       1689       1690       1704       1703
      1196       1690       1691       1705       1704
      1197       1691       1692       1706       1705
      1198       1692       1693       1707       1706
      1199       1693       1694       1708       1707
      1200       1694        506        505       1708
      1486         37       1667       1681         38
      1487       1667       1668       1682       1681
      1488       1668       1669       1683       1682
      1489       1669       1670       1684       1683
      1490       1670       1671       1685       1684
      1491       1671       1672       1686       1685
      1492       1672       1673       1687       1686
      1493       1673       1674       1688       1687
      1494       1674       1675       1689       1688
      1495       1675       1676       1690       1689
      1496       1676       1677       1691       1690
      1497       1677       1678       1692       1691
      1498       1678       1679       1693       1692
      1499       1679       1680       1694       1693
      1500       1680        507        506       1694
      1786         36       1653       1667         37
      1787       1653       1654       1668       1667
      1788       1654       1655       1669       1668
      1789       1655       1656       1670       1669
      1790       1656       1657       1671       1670
      1791       1657       1658       1672       1671
      1792       1658       1659       1673       1672
      1793       1659       1660       1674       1673
      1794       1660       1661       1675       1674
      1795       1661       1662       1676       1675
      1796       1662       1663       1677       1676
      1797       1663       1664       1678       1677
      1798       1664       1665       1679       1678
      1799       1665       1666       1680       1679
      1800       1666        508        507       1680
      2086         35       1639       1653         36
      2087       1639       1640       1654       1653
      2088       1640       1641       1655       1654
      2089       1641       1642       1656       1655
      2090       1642       1643       1657       1656
      2091       1643       1644       1658       1657
      2092       1644       1645       1659       1658
      2093       1645       1646       1660       1659
      2094       1646       1647       1661       1660
      2095       1647       1648       1662       1661
      2096       1648       1649       1663       1662
      2097       1649       1650       1664       1663
      2098       1650       1651       1665       1664
      2099       1651       1652       1666       1665
      2100       1652        509        508       1666
      2386         34       1625       1639         35
      2387       1625       1626       1640       1639
      2388       1626       1627       1641       1640
      2389       1627       1628       1642       1641
      2390       1628       1629       1643       1642
      2391       1629       1630       1644       1643
      2392       1630       1631       1645       1644
      2393       1631       1632       1646       1645
      2394       1632       1633       1647       1646
      2395       1633       1634       1648       1647
      2396       1634       1635       1649       1648
      2397       1635       1636       1650       1649
      2398       1636       1637       1651       1650
      2399       1637       1638       1652       1651
      2400       1638        510        509       1652
      2686         33       1611       1625         34
      2687       1611       1612       1626       1625
      2688       1612       1613       1627       1626
      2689       1613       1614       1628       1627
      2690       1614       1615       1629       1628
      2691       1615       1616       1630       1629
      2692       1616       1617       1631       1630
      2693       1617       1618       1632       1631
      2694       1618       1619       1633       1632
      2695       1619       1620       1634       1633
      2696       1620       1621       1635       1634
      2697       1621       1622       1636       1635
      2698       1622       1623       1637       1636
      2699       1623       1624       1638       1637
      2700       1624        511        510       1638
      2986         32       1597       1611         33
      2987       1597       1598       1612       1611
      2988       1598       1599       1613       1612
      2989       1599       1600       1614       1613
      2990       1600       1601       1615       1614
      2991       1601       1602       1616       1615
      2992       1602       1603       1617       1616
      2993       1603       1604       1618       1617
      2994       1604       1605       1619       1618
      2995       1605       1606       1620       1619
      2996       1606       1607       1621       1620
      2997       1607       1608       1622       1621
      2998       1608       1609       1623       1622
      2999       1609       1610       1624       1623
      3000       1610        512        511       1624
      3286         31       1583       1597         32
      3287       1583       1584       1598       1597
      3288       1584       1585       1599       1598
      3289       1585       1586       1600       1599
      3290       1586       1587       1601       1600
      3291       1587       1588       1602       1601
      3292       1588       1589       1603       1602
      3293       1589       1590       1604       1603
      3294       1590       1591       1605       1604
      3295       1591       1592       1606       1605
      3296       1592       1593       1607       1606
      3297       1593       1594       1608       1607
      3298       1594       1595       1609       1608
      3299       1595       1596       1610       1609
      3300       1596        513        512       1610
      3586         30       1569       1583         31
      3587       1569       1570       1584       1583
      3588       1570       1571       1585       1584
      3589       1571       1572       1586       1585
      3590       1572       1573       1587       1586
      3591       1573       1574       1588       1587
      3592       1574       1575       1589       1588
      3593       1575       1576       1590       1589
      3594       1576       1577       1591       1590
      3595       1577       1578       1592       1591
      3596       1578       1579       1593       1592
      3597       1579       1580       1594       1593
      3598       1580       1581       1595       1594
      3599       1581       1582       1596       1595
      3600       1582        514        513       1596
      3886         29       1555       1569         30
      3887       1555       1556       1570       1569
      3888       1556       1557       1571       1570
      3889       1557       1558       1572       1571
      3890       1558       1559       1573       1572
      3891       1559       1560       1574       1573
      3892       1560       1561       1575       1574
      3893       1561       1562       1576       1575
      3894       1562       1563       1577       1576
      3895       1563       1564       1578       1577
      3896       1564       1565       1579       1578
      3897       1565       1566       1580       1579
      3898       1566       1567       1581       1580
      3899       1567       1568       1582       1581
      3900       1568        515        514       1582
      4186         28       1541       1555         29
      4187       1541       1542       1556       1555
      4188       1542       1543       1557       1556
      4189       1543       1544       1558       1557
      4190       1544       1545       1559       1558
      4191       1545       1546       1560       1559
      4192       1546       1547       1561       1560
      4193       1547       1548       1562       1561
      4194       1548       1549       1563       1562
      4195       1549       1550       1564       1563
      4196       1550       1551       1565       1564
      4197       1551       1552       1566       1565
      4198       1552       1553       1567       1566
      4199       1553       1554       1568       1567
      4200       1554        516        515       1568
      4486         27       1527       1541         28
      4487       1527       1528       1542       1541
      4488       1528       1529       1543       1542
      4489       1529       1530       1544       1543
      4490       1530       1531       1545       1544
      4491       1531       1532       1546       1545
      4492       1532       1533       1547       1546
      4493       1533       1534       1548       1547
      4494       1534       1535       1549       1548
      4495       1535       1536       1550       1549
      4496       1536       1537       1551       1550
      4497       1537       1538       1552       1551
      4498       1538       1539       1553       1552
      4499       1539       1540       1554       1553
      4500       1540        517        516       1554
      4786         26       1513       1527         27
      4787       1513       1514       1528       1527
      4788       1514       1515       1529       1528
      4789       1515       1516       1530       1529
      4790       1516       1517       1531       1530
      4791       1517       1518       1532       1531
      4792       1518       1519       1533       1532
      4793       1519       1520       1534       1533
      4794       1520       1521       1535       1534
      4795       1521       1522       1536       1535
      4796       1522       1523       1537       1536
      4797       1523       1524       1538       1537
      4798       1524       1525       1539       1538
      4799       1525       1526       1540       1539
      4800       1526        518        517       1540
      5086         25       1499       1513         26
      5087       1499       1500       1514       1513
      5088       1500       1501       1515       1514
      5089       1501       1502       1516       1515
      5090       1502       1503       1517       1516
      5091       1503       1504       1518       1517
      5092       1504       1505       1519       1518
      5093       1505       1506       1520       1519
      5094       1506       1507       1521       1520
      5095       1507       1508       1522       1521
      5096       1508       1509       1523       1522
      5097       1509       1510       1524       1523
      5098       1510       1511       1525       1524
      5099       1511       1512       1526       1525
      5100       1512        519        518       1526
      5386         24       1485       1499         25
      5387       1485       1486       1500       1499
      5388       1486       1487       1501       1500
      5389       1487       1488       1502       1501
      5390       1488       1489       1503       1502
      5391       1489       1490       1504       1503
      5392       1490       1491       1505       1504
      5393       1491       1492       1506       1505
      5394       1492       1493       1507       1506
      5395       1493       1494       1508       1507
      5396       1494       1495       1509       1508
      5397       1495       1496       1510       1509
      5398       1496       1497       1511       1510
      5399       1497       1498       1512       1511
      5400       1498        520        519       1512
      5686         23       1471       1485         24
      5687       1471       1472       1486       1485
      5688       1472       1473       1487       1486
      5689       1473       1474       1488       1487
      5690       1474       1475       1489       1488
      5691       1475       1476       1490       1489
      5692       1476       1477       1491       1490
      5693       1477       1478       1492       1491
      5694       1478       1479       1493       1492
      5695       1479       1480       1494       1493
      5696       1480       1481       1495       1494
      5697       1481       1482       1496       1495
      5698       1482       1483       1497       1496
      5699       1483       1484       1498       1497
      5700       1484        521        520       1498
      5986          2       1457       1471         23
      5987       1457       1458       1472       1471
      5988       1458       1459       1473       1472
      5989       1459       1460       1474       1473
      5990       1460       1461       1475       1474
      5991       1461       1462       1476       1475
      5992       1462       1463       1477       1476
      5993       1463       1464       1478       1477
      5994       1464       1465       1479       1478
      5995       1465       1466       1480       1479
      5996       1466       1467       1481       1480
      5997       1467       1468       1482       1481
      5998       1468       1469       1483       1482
      5999       1469       1470       1484       1483
      6000       1470        442        521       1484
