       300
         1         42        883        911         62
         2        883        884        912        911
         3        884        885        913        912
         4        885        886        914        913
         5        886        887        915        914
         6        887        888        916        915
         7        888        889        917        916
         8        889        890        918        917
         9        890        891        919        918
        10        891        892        920        919
        11        892        893        921        920
        12        893        894        922        921
        13        894        895        923        922
        14        895        896        924        923
        15        896        463        482        924
       301         62        911        925         63
       302        911        912        926        925
       303        912        913        927        926
       304        913        914        928        927
       305        914        915        929        928
       306        915        916        930        929
       307        916        917        931        930
       308        917        918        932        931
       309        918        919        933        932
       310        919        920        934        933
       311        920        921        935        934
       312        921        922        936        935
       313        922        923        937        936
       314        923        924        938        937
       315        924        482        481        938
       601         63        925        939         64
       602        925        926        940        939
       603        926        927        941        940
       604        927        928        942        941
       605        928        929        943        942
       606        929        930        944        943
       607        930        931        945        944
       608        931        932        946        945
       609        932        933        947        946
       610        933        934        948        947
       611        934        935        949        948
       612        935        936        950        949
       613        936        937        951        950
       614        937        938        952        951
       615        938        481        480        952
       901         64        939        953         65
       902        939        940        954        953
       903        940        941        955        954
       904        941        942        956        955
       905        942        943        957        956
       906        943        944        958        957
       907        944        945        959        958
       908        945        946        960        959
       909        946        947        961        960
       910        947        948        962        961
       911        948        949        963        962
       912        949        950        964        963
       913        950        951        965        964
       914        951        952        966        965
       915        952        480        479        966
      1201         65        953        967         66
      1202        953        954        968        967
      1203        954        955        969        968
      1204        955        956        970        969
      1205        956        957        971        970
      1206        957        958        972        971
      1207        958        959        973        972
      1208        959        960        974        973
      1209        960        961        975        974
      1210        961        962        976        975
      1211        962        963        977        976
      1212        963        964        978        977
      1213        964        965        979        978
      1214        965        966        980        979
      1215        966        479        478        980
      1501         66        967        981         67
      1502        967        968        982        981
      1503        968        969        983        982
      1504        969        970        984        983
      1505        970        971        985        984
      1506        971        972        986        985
      1507        972        973        987        986
      1508        973        974        988        987
      1509        974        975        989        988
      1510        975        976        990        989
      1511        976        977        991        990
      1512        977        978        992        991
      1513        978        979        993        992
      1514        979        980        994        993
      1515        980        478        477        994
      1801         67        981        995         68
      1802        981        982        996        995
      1803        982        983        997        996
      1804        983        984        998        997
      1805        984        985        999        998
      1806        985        986       1000        999
      1807        986        987       1001       1000
      1808        987        988       1002       1001
      1809        988        989       1003       1002
      1810        989        990       1004       1003
      1811        990        991       1005       1004
      1812        991        992       1006       1005
      1813        992        993       1007       1006
      1814        993        994       1008       1007
      1815        994        477        476       1008
      2101         68        995       1009         69
      2102        995        996       1010       1009
      2103        996        997       1011       1010
      2104        997        998       1012       1011
      2105        998        999       1013       1012
      2106        999       1000       1014       1013
      2107       1000       1001       1015       1014
      2108       1001       1002       1016       1015
      2109       1002       1003       1017       1016
      2110       1003       1004       1018       1017
      2111       1004       1005       1019       1018
      2112       1005       1006       1020       1019
      2113       1006       1007       1021       1020
      2114       1007       1008       1022       1021
      2115       1008        476        475       1022
      2401         69       1009       1023         70
      2402       1009       1010       1024       1023
      2403       1010       1011       1025       1024
      2404       1011       1012       1026       1025
      2405       1012       1013       1027       1026
      2406       1013       1014       1028       1027
      2407       1014       1015       1029       1028
      2408       1015       1016       1030       1029
      2409       1016       1017       1031       1030
      2410       1017       1018       1032       1031
      2411       1018       1019       1033       1032
      2412       1019       1020       1034       1033
      2413       1020       1021       1035       1034
      2414       1021       1022       1036       1035
      2415       1022        475        474       1036
      2701         70       1023       1037         71
      2702       1023       1024       1038       1037
      2703       1024       1025       1039       1038
      2704       1025       1026       1040       1039
      2705       1026       1027       1041       1040
      2706       1027       1028       1042       1041
      2707       1028       1029       1043       1042
      2708       1029       1030       1044       1043
      2709       1030       1031       1045       1044
      2710       1031       1032       1046       1045
      2711       1032       1033       1047       1046
      2712       1033       1034       1048       1047
      2713       1034       1035       1049       1048
      2714       1035       1036       1050       1049
      2715       1036        474        473       1050
      3001         71       1037       1051         72
      3002       1037       1038       1052       1051
      3003       1038       1039       1053       1052
      3004       1039       1040       1054       1053
      3005       1040       1041       1055       1054
      3006       1041       1042       1056       1055
      3007       1042       1043       1057       1056
      3008       1043       1044       1058       1057
      3009       1044       1045       1059       1058
      3010       1045       1046       1060       1059
      3011       1046       1047       1061       1060
      3012       1047       1048       1062       1061
      3013       1048       1049       1063       1062
      3014       1049       1050       1064       1063
      3015       1050        473        472       1064
      3301         72       1051       1065         73
      3302       1051       1052       1066       1065
      3303       1052       1053       1067       1066
      3304       1053       1054       1068       1067
      3305       1054       1055       1069       1068
      3306       1055       1056       1070       1069
      3307       1056       1057       1071       1070
      3308       1057       1058       1072       1071
      3309       1058       1059       1073       1072
      3310       1059       1060       1074       1073
      3311       1060       1061       1075       1074
      3312       1061       1062       1076       1075
      3313       1062       1063       1077       1076
      3314       1063       1064       1078       1077
      3315       1064        472        471       1078
      3601         73       1065       1079         74
      3602       1065       1066       1080       1079
      3603       1066       1067       1081       1080
      3604       1067       1068       1082       1081
      3605       1068       1069       1083       1082
      3606       1069       1070       1084       1083
      3607       1070       1071       1085       1084
      3608       1071       1072       1086       1085
      3609       1072       1073       1087       1086
      3610       1073       1074       1088       1087
      3611       1074       1075       1089       1088
      3612       1075       1076       1090       1089
      3613       1076       1077       1091       1090
      3614       1077       1078       1092       1091
      3615       1078        471        470       1092
      3901         74       1079       1093         75
      3902       1079       1080       1094       1093
      3903       1080       1081       1095       1094
      3904       1081       1082       1096       1095
      3905       1082       1083       1097       1096
      3906       1083       1084       1098       1097
      3907       1084       1085       1099       1098
      3908       1085       1086       1100       1099
      3909       1086       1087       1101       1100
      3910       1087       1088       1102       1101
      3911       1088       1089       1103       1102
      3912       1089       1090       1104       1103
      3913       1090       1091       1105       1104
      3914       1091       1092       1106       1105
      3915       1092        470        469       1106
      4201         75       1093       1107         76
      4202       1093       1094       1108       1107
      4203       1094       1095       1109       1108
      4204       1095       1096       1110       1109
      4205       1096       1097       1111       1110
      4206       1097       1098       1112       1111
      4207       1098       1099       1113       1112
      4208       1099       1100       1114       1113
      4209       1100       1101       1115       1114
      4210       1101       1102       1116       1115
      4211       1102       1103       1117       1116
      4212       1103       1104       1118       1117
      4213       1104       1105       1119       1118
      4214       1105       1106       1120       1119
      4215       1106        469        468       1120
      4501         76       1107       1121         77
      4502       1107       1108       1122       1121
      4503       1108       1109       1123       1122
      4504       1109       1110       1124       1123
      4505       1110       1111       1125       1124
      4506       1111       1112       1126       1125
      4507       1112       1113       1127       1126
      4508       1113       1114       1128       1127
      4509       1114       1115       1129       1128
      4510       1115       1116       1130       1129
      4511       1116       1117       1131       1130
      4512       1117       1118       1132       1131
      4513       1118       1119       1133       1132
      4514       1119       1120       1134       1133
      4515       1120        468        467       1134
      4801         77       1121       1135         78
      4802       1121       1122       1136       1135
      4803       1122       1123       1137       1136
      4804       1123       1124       1138       1137
      4805       1124       1125       1139       1138
      4806       1125       1126       1140       1139
      4807       1126       1127       1141       1140
      4808       1127       1128       1142       1141
      4809       1128       1129       1143       1142
      4810       1129       1130       1144       1143
      4811       1130       1131       1145       1144
      4812       1131       1132       1146       1145
      4813       1132       1133       1147       1146
      4814       1133       1134       1148       1147
      4815       1134        467        466       1148
      5101         78       1135       1149         79
      5102       1135       1136       1150       1149
      5103       1136       1137       1151       1150
      5104       1137       1138       1152       1151
      5105       1138       1139       1153       1152
      5106       1139       1140       1154       1153
      5107       1140       1141       1155       1154
      5108       1141       1142       1156       1155
      5109       1142       1143       1157       1156
      5110       1143       1144       1158       1157
      5111       1144       1145       1159       1158
      5112       1145       1146       1160       1159
      5113       1146       1147       1161       1160
      5114       1147       1148       1162       1161
      5115       1148        466        465       1162
      5401         79       1149       1163         80
      5402       1149       1150       1164       1163
      5403       1150       1151       1165       1164
      5404       1151       1152       1166       1165
      5405       1152       1153       1167       1166
      5406       1153       1154       1168       1167
      5407       1154       1155       1169       1168
      5408       1155       1156       1170       1169
      5409       1156       1157       1171       1170
      5410       1157       1158       1172       1171
      5411       1158       1159       1173       1172
      5412       1159       1160       1174       1173
      5413       1160       1161       1175       1174
      5414       1161       1162       1176       1175
      5415       1162        465        464       1176
      5701         80       1163        897          1
      5702       1163       1164        898        897
      5703       1164       1165        899        898
      5704       1165       1166        900        899
      5705       1166       1167        901        900
      5706       1167       1168        902        901
      5707       1168       1169        903        902
      5708       1169       1170        904        903
      5709       1170       1171        905        904
      5710       1171       1172        906        905
      5711       1172       1173        907        906
      5712       1173       1174        908        907
      5713       1174       1175        909        908
      5714       1175       1176        910        909
      5715       1176        464        443        910
