       400
         1         62        423         61         42
        16        423        424         60         61
        31        424        425         59         60
        46        425        426         58         59
        61        426        427         57         58
        76        427        428         56         57
        91        428        429         55         56
       106        429        430         54         55
       121        430        431         53         54
       136        431        432         52         53
       151        432        433         51         52
       166        433        434         50         51
       181        434        435         49         50
       196        435        436         48         49
       211        436        437         47         48
       226        437        438         46         47
       241        438        439         45         46
       256        439        440         44         45
       271        440        441         43         44
       286        441         41         22         43
       301         63        404        423         62
       316        404        405        424        423
       331        405        406        425        424
       346        406        407        426        425
       361        407        408        427        426
       376        408        409        428        427
       391        409        410        429        428
       406        410        411        430        429
       421        411        412        431        430
       436        412        413        432        431
       451        413        414        433        432
       466        414        415        434        433
       481        415        416        435        434
       496        416        417        436        435
       511        417        418        437        436
       526        418        419        438        437
       541        419        420        439        438
       556        420        421        440        439
       571        421        422        441        440
       586        422         40         41        441
       601         64        385        404         63
       616        385        386        405        404
       631        386        387        406        405
       646        387        388        407        406
       661        388        389        408        407
       676        389        390        409        408
       691        390        391        410        409
       706        391        392        411        410
       721        392        393        412        411
       736        393        394        413        412
       751        394        395        414        413
       766        395        396        415        414
       781        396        397        416        415
       796        397        398        417        416
       811        398        399        418        417
       826        399        400        419        418
       841        400        401        420        419
       856        401        402        421        420
       871        402        403        422        421
       886        403         39         40        422
       901         65        366        385         64
       916        366        367        386        385
       931        367        368        387        386
       946        368        369        388        387
       961        369        370        389        388
       976        370        371        390        389
       991        371        372        391        390
      1006        372        373        392        391
      1021        373        374        393        392
      1036        374        375        394        393
      1051        375        376        395        394
      1066        376        377        396        395
      1081        377        378        397        396
      1096        378        379        398        397
      1111        379        380        399        398
      1126        380        381        400        399
      1141        381        382        401        400
      1156        382        383        402        401
      1171        383        384        403        402
      1186        384         38         39        403
      1201         66        347        366         65
      1216        347        348        367        366
      1231        348        349        368        367
      1246        349        350        369        368
      1261        350        351        370        369
      1276        351        352        371        370
      1291        352        353        372        371
      1306        353        354        373        372
      1321        354        355        374        373
      1336        355        356        375        374
      1351        356        357        376        375
      1366        357        358        377        376
      1381        358        359        378        377
      1396        359        360        379        378
      1411        360        361        380        379
      1426        361        362        381        380
      1441        362        363        382        381
      1456        363        364        383        382
      1471        364        365        384        383
      1486        365         37         38        384
      1501         67        328        347         66
      1516        328        329        348        347
      1531        329        330        349        348
      1546        330        331        350        349
      1561        331        332        351        350
      1576        332        333        352        351
      1591        333        334        353        352
      1606        334        335        354        353
      1621        335        336        355        354
      1636        336        337        356        355
      1651        337        338        357        356
      1666        338        339        358        357
      1681        339        340        359        358
      1696        340        341        360        359
      1711        341        342        361        360
      1726        342        343        362        361
      1741        343        344        363        362
      1756        344        345        364        363
      1771        345        346        365        364
      1786        346         36         37        365
      1801         68        309        328         67
      1816        309        310        329        328
      1831        310        311        330        329
      1846        311        312        331        330
      1861        312        313        332        331
      1876        313        314        333        332
      1891        314        315        334        333
      1906        315        316        335        334
      1921        316        317        336        335
      1936        317        318        337        336
      1951        318        319        338        337
      1966        319        320        339        338
      1981        320        321        340        339
      1996        321        322        341        340
      2011        322        323        342        341
      2026        323        324        343        342
      2041        324        325        344        343
      2056        325        326        345        344
      2071        326        327        346        345
      2086        327         35         36        346
      2101         69        290        309         68
      2116        290        291        310        309
      2131        291        292        311        310
      2146        292        293        312        311
      2161        293        294        313        312
      2176        294        295        314        313
      2191        295        296        315        314
      2206        296        297        316        315
      2221        297        298        317        316
      2236        298        299        318        317
      2251        299        300        319        318
      2266        300        301        320        319
      2281        301        302        321        320
      2296        302        303        322        321
      2311        303        304        323        322
      2326        304        305        324        323
      2341        305        306        325        324
      2356        306        307        326        325
      2371        307        308        327        326
      2386        308         34         35        327
      2401         70        271        290         69
      2416        271        272        291        290
      2431        272        273        292        291
      2446        273        274        293        292
      2461        274        275        294        293
      2476        275        276        295        294
      2491        276        277        296        295
      2506        277        278        297        296
      2521        278        279        298        297
      2536        279        280        299        298
      2551        280        281        300        299
      2566        281        282        301        300
      2581        282        283        302        301
      2596        283        284        303        302
      2611        284        285        304        303
      2626        285        286        305        304
      2641        286        287        306        305
      2656        287        288        307        306
      2671        288        289        308        307
      2686        289         33         34        308
      2701         71        252        271         70
      2716        252        253        272        271
      2731        253        254        273        272
      2746        254        255        274        273
      2761        255        256        275        274
      2776        256        257        276        275
      2791        257        258        277        276
      2806        258        259        278        277
      2821        259        260        279        278
      2836        260        261        280        279
      2851        261        262        281        280
      2866        262        263        282        281
      2881        263        264        283        282
      2896        264        265        284        283
      2911        265        266        285        284
      2926        266        267        286        285
      2941        267        268        287        286
      2956        268        269        288        287
      2971        269        270        289        288
      2986        270         32         33        289
      3001         72        233        252         71
      3016        233        234        253        252
      3031        234        235        254        253
      3046        235        236        255        254
      3061        236        237        256        255
      3076        237        238        257        256
      3091        238        239        258        257
      3106        239        240        259        258
      3121        240        241        260        259
      3136        241        242        261        260
      3151        242        243        262        261
      3166        243        244        263        262
      3181        244        245        264        263
      3196        245        246        265        264
      3211        246        247        266        265
      3226        247        248        267        266
      3241        248        249        268        267
      3256        249        250        269        268
      3271        250        251        270        269
      3286        251         31         32        270
      3301         73        214        233         72
      3316        214        215        234        233
      3331        215        216        235        234
      3346        216        217        236        235
      3361        217        218        237        236
      3376        218        219        238        237
      3391        219        220        239        238
      3406        220        221        240        239
      3421        221        222        241        240
      3436        222        223        242        241
      3451        223        224        243        242
      3466        224        225        244        243
      3481        225        226        245        244
      3496        226        227        246        245
      3511        227        228        247        246
      3526        228        229        248        247
      3541        229        230        249        248
      3556        230        231        250        249
      3571        231        232        251        250
      3586        232         30         31        251
      3601         74        195        214         73
      3616        195        196        215        214
      3631        196        197        216        215
      3646        197        198        217        216
      3661        198        199        218        217
      3676        199        200        219        218
      3691        200        201        220        219
      3706        201        202        221        220
      3721        202        203        222        221
      3736        203        204        223        222
      3751        204        205        224        223
      3766        205        206        225        224
      3781        206        207        226        225
      3796        207        208        227        226
      3811        208        209        228        227
      3826        209        210        229        228
      3841        210        211        230        229
      3856        211        212        231        230
      3871        212        213        232        231
      3886        213         29         30        232
      3901         75        176        195         74
      3916        176        177        196        195
      3931        177        178        197        196
      3946        178        179        198        197
      3961        179        180        199        198
      3976        180        181        200        199
      3991        181        182        201        200
      4006        182        183        202        201
      4021        183        184        203        202
      4036        184        185        204        203
      4051        185        186        205        204
      4066        186        187        206        205
      4081        187        188        207        206
      4096        188        189        208        207
      4111        189        190        209        208
      4126        190        191        210        209
      4141        191        192        211        210
      4156        192        193        212        211
      4171        193        194        213        212
      4186        194         28         29        213
      4201         76        157        176         75
      4216        157        158        177        176
      4231        158        159        178        177
      4246        159        160        179        178
      4261        160        161        180        179
      4276        161        162        181        180
      4291        162        163        182        181
      4306        163        164        183        182
      4321        164        165        184        183
      4336        165        166        185        184
      4351        166        167        186        185
      4366        167        168        187        186
      4381        168        169        188        187
      4396        169        170        189        188
      4411        170        171        190        189
      4426        171        172        191        190
      4441        172        173        192        191
      4456        173        174        193        192
      4471        174        175        194        193
      4486        175         27         28        194
      4501         77        138        157         76
      4516        138        139        158        157
      4531        139        140        159        158
      4546        140        141        160        159
      4561        141        142        161        160
      4576        142        143        162        161
      4591        143        144        163        162
      4606        144        145        164        163
      4621        145        146        165        164
      4636        146        147        166        165
      4651        147        148        167        166
      4666        148        149        168        167
      4681        149        150        169        168
      4696        150        151        170        169
      4711        151        152        171        170
      4726        152        153        172        171
      4741        153        154        173        172
      4756        154        155        174        173
      4771        155        156        175        174
      4786        156         26         27        175
      4801         78        119        138         77
      4816        119        120        139        138
      4831        120        121        140        139
      4846        121        122        141        140
      4861        122        123        142        141
      4876        123        124        143        142
      4891        124        125        144        143
      4906        125        126        145        144
      4921        126        127        146        145
      4936        127        128        147        146
      4951        128        129        148        147
      4966        129        130        149        148
      4981        130        131        150        149
      4996        131        132        151        150
      5011        132        133        152        151
      5026        133        134        153        152
      5041        134        135        154        153
      5056        135        136        155        154
      5071        136        137        156        155
      5086        137         25         26        156
      5101         79        100        119         78
      5116        100        101        120        119
      5131        101        102        121        120
      5146        102        103        122        121
      5161        103        104        123        122
      5176        104        105        124        123
      5191        105        106        125        124
      5206        106        107        126        125
      5221        107        108        127        126
      5236        108        109        128        127
      5251        109        110        129        128
      5266        110        111        130        129
      5281        111        112        131        130
      5296        112        113        132        131
      5311        113        114        133        132
      5326        114        115        134        133
      5341        115        116        135        134
      5356        116        117        136        135
      5371        117        118        137        136
      5386        118         24         25        137
      5401         80         81        100         79
      5416         81         82        101        100
      5431         82         83        102        101
      5446         83         84        103        102
      5461         84         85        104        103
      5476         85         86        105        104
      5491         86         87        106        105
      5506         87         88        107        106
      5521         88         89        108        107
      5536         89         90        109        108
      5551         90         91        110        109
      5566         91         92        111        110
      5581         92         93        112        111
      5596         93         94        113        112
      5611         94         95        114        113
      5626         95         96        115        114
      5641         96         97        116        115
      5656         97         98        117        116
      5671         98         99        118        117
      5686         99         23         24        118
      5701          1          3         81         80
      5716          3          4         82         81
      5731          4          5         83         82
      5746          5          6         84         83
      5761          6          7         85         84
      5776          7          8         86         85
      5791          8          9         87         86
      5806          9         10         88         87
      5821         10         11         89         88
      5836         11         12         90         89
      5851         12         13         91         90
      5866         13         14         92         91
      5881         14         15         93         92
      5896         15         16         94         93
      5911         16         17         95         94
      5926         17         18         96         95
      5941         18         19         97         96
      5956         19         20         98         97
      5971         20         21         99         98
      5986         21          2         23         99
