 isoVelocitySI
            3   rho   vp   vs
         384
  -43.7500000      -43.7500000      -6.25000000       10.8253174               3           2           9          65
  -31.2500000      -43.7500000      -6.25000000       10.8253174               4           1           3          10          66
  -18.7500000      -43.7500000      -6.25000000       10.8253174               4           2           4          11          67
  -6.25000000      -43.7500000      -6.25000000       10.8253174               4           3           5          12          68
   6.25000000      -43.7500000      -6.25000000       10.8253174               4           4           6          13          69
   18.7500000      -43.7500000      -6.25000000       10.8253174               4           5           7          14          70
   31.2500000      -43.7500000      -6.25000000       10.8253174               4           6           8          15          71
   43.7500000      -43.7500000      -6.25000000       10.8253174               3           7          16          72
  -43.7500000      -31.2500000      -6.25000000       10.8253174               4          10           1          17          73
  -31.2500000      -31.2500000      -6.25000000       10.8253174               5           9          11           2          18          74
  -18.7500000      -31.2500000      -6.25000000       10.8253174               5          10          12           3          19          75
  -6.25000000      -31.2500000      -6.25000000       10.8253174               5          11          13           4          20          76
   6.25000000      -31.2500000      -6.25000000       10.8253174               5          12          14           5          21          77
   18.7500000      -31.2500000      -6.25000000       10.8253174               5          13          15           6          22          78
   31.2500000      -31.2500000      -6.25000000       10.8253174               5          14          16           7          23          79
   43.7500000      -31.2500000      -6.25000000       10.8253174               4          15           8          24          80
  -43.7500000      -18.7500000      -6.25000000       10.8253174               4          18           9          25          81
  -31.2500000      -18.7500000      -6.25000000       10.8253174               5          17          19          10          26          82
  -18.7500000      -18.7500000      -6.25000000       10.8253174               5          18          20          11          27          83
  -6.25000000      -18.7500000      -6.25000000       10.8253174               5          19          21          12          28          84
   6.25000000      -18.7500000      -6.25000000       10.8253174               5          20          22          13          29          85
   18.7500000      -18.7500000      -6.25000000       10.8253174               5          21          23          14          30          86
   31.2500000      -18.7500000      -6.25000000       10.8253174               5          22          24          15          31          87
   43.7500000      -18.7500000      -6.25000000       10.8253174               4          23          16          32          88
  -43.7500000      -6.25000000      -6.25000000       10.8253174               4          26          17          33          89
  -31.2500000      -6.25000000      -6.25000000       10.8253174               5          25          27          18          34          90
  -18.7500000      -6.25000000      -6.25000000       10.8253174               5          26          28          19          35          91
  -6.25000000      -6.25000000      -6.25000000       10.8253174               5          27          29          20          36          92
   6.25000000      -6.25000000      -6.25000000       10.8253174               5          28          30          21          37          93
   18.7500000      -6.25000000      -6.25000000       10.8253174               5          29          31          22          38          94
   31.2500000      -6.25000000      -6.25000000       10.8253174               5          30          32          23          39          95
   43.7500000      -6.25000000      -6.25000000       10.8253174               4          31          24          40          96
  -43.7500000       6.25000000      -6.25000000       10.8253174               4          34          25          41          97
  -31.2500000       6.25000000      -6.25000000       10.8253174               5          33          35          26          42          98
  -18.7500000       6.25000000      -6.25000000       10.8253174               5          34          36          27          43          99
  -6.25000000       6.25000000      -6.25000000       10.8253174               5          35          37          28          44         100
   6.25000000       6.25000000      -6.25000000       10.8253174               5          36          38          29          45         101
   18.7500000       6.25000000      -6.25000000       10.8253174               5          37          39          30          46         102
   31.2500000       6.25000000      -6.25000000       10.8253174               5          38          40          31          47         103
   43.7500000       6.25000000      -6.25000000       10.8253174               4          39          32          48         104
  -43.7500000       18.7500000      -6.25000000       10.8253174               4          42          33          49         105
  -31.2500000       18.7500000      -6.25000000       10.8253174               5          41          43          34          50         106
  -18.7500000       18.7500000      -6.25000000       10.8253174               5          42          44          35          51         107
  -6.25000000       18.7500000      -6.25000000       10.8253174               5          43          45          36          52         108
   6.25000000       18.7500000      -6.25000000       10.8253174               5          44          46          37          53         109
   18.7500000       18.7500000      -6.25000000       10.8253174               5          45          47          38          54         110
   31.2500000       18.7500000      -6.25000000       10.8253174               5          46          48          39          55         111
   43.7500000       18.7500000      -6.25000000       10.8253174               4          47          40          56         112
  -43.7500000       31.2500000      -6.25000000       10.8253174               4          50          41          57         113
  -31.2500000       31.2500000      -6.25000000       10.8253174               5          49          51          42          58         114
  -18.7500000       31.2500000      -6.25000000       10.8253174               5          50          52          43          59         115
  -6.25000000       31.2500000      -6.25000000       10.8253174               5          51          53          44          60         116
   6.25000000       31.2500000      -6.25000000       10.8253174               5          52          54          45          61         117
   18.7500000       31.2500000      -6.25000000       10.8253174               5          53          55          46          62         118
   31.2500000       31.2500000      -6.25000000       10.8253174               5          54          56          47          63         119
   43.7500000       31.2500000      -6.25000000       10.8253174               4          55          48          64         120
  -43.7500000       43.7500000      -6.25000000       10.8253174               3          58          49         121
  -31.2500000       43.7500000      -6.25000000       10.8253174               4          57          59          50         122
  -18.7500000       43.7500000      -6.25000000       10.8253174               4          58          60          51         123
  -6.25000000       43.7500000      -6.25000000       10.8253174               4          59          61          52         124
   6.25000000       43.7500000      -6.25000000       10.8253174               4          60          62          53         125
   18.7500000       43.7500000      -6.25000000       10.8253174               4          61          63          54         126
   31.2500000       43.7500000      -6.25000000       10.8253174               4          62          64          55         127
   43.7500000       43.7500000      -6.25000000       10.8253174               3          63          56         128
  -43.7500000      -43.7500000      -18.7500000       10.8253174               4          66          73         129           1
  -31.2500000      -43.7500000      -18.7500000       10.8253174               5          65          67          74         130           2
  -18.7500000      -43.7500000      -18.7500000       10.8253174               5          66          68          75         131           3
  -6.25000000      -43.7500000      -18.7500000       10.8253174               5          67          69          76         132           4
   6.25000000      -43.7500000      -18.7500000       10.8253174               5          68          70          77         133           5
   18.7500000      -43.7500000      -18.7500000       10.8253174               5          69          71          78         134           6
   31.2500000      -43.7500000      -18.7500000       10.8253174               5          70          72          79         135           7
   43.7500000      -43.7500000      -18.7500000       10.8253174               4          71          80         136           8
  -43.7500000      -31.2500000      -18.7500000       10.8253174               5          74          65          81         137           9
  -31.2500000      -31.2500000      -18.7500000       10.8253174               6          73          75          66          82         138          10
  -18.7500000      -31.2500000      -18.7500000       10.8253174               6          74          76          67          83         139          11
  -6.25000000      -31.2500000      -18.7500000       10.8253174               6          75          77          68          84         140          12
   6.25000000      -31.2500000      -18.7500000       10.8253174               6          76          78          69          85         141          13
   18.7500000      -31.2500000      -18.7500000       10.8253174               6          77          79          70          86         142          14
   31.2500000      -31.2500000      -18.7500000       10.8253174               6          78          80          71          87         143          15
   43.7500000      -31.2500000      -18.7500000       10.8253174               5          79          72          88         144          16
  -43.7500000      -18.7500000      -18.7500000       10.8253174               5          82          73          89         145          17
  -31.2500000      -18.7500000      -18.7500000       10.8253174               6          81          83          74          90         146          18
  -18.7500000      -18.7500000      -18.7500000       10.8253174               6          82          84          75          91         147          19
  -6.25000000      -18.7500000      -18.7500000       10.8253174               6          83          85          76          92         148          20
   6.25000000      -18.7500000      -18.7500000       10.8253174               6          84          86          77          93         149          21
   18.7500000      -18.7500000      -18.7500000       10.8253174               6          85          87          78          94         150          22
   31.2500000      -18.7500000      -18.7500000       10.8253174               6          86          88          79          95         151          23
   43.7500000      -18.7500000      -18.7500000       10.8253174               5          87          80          96         152          24
  -43.7500000      -6.25000000      -18.7500000       10.8253174               5          90          81          97         153          25
  -31.2500000      -6.25000000      -18.7500000       10.8253174               6          89          91          82          98         154          26
  -18.7500000      -6.25000000      -18.7500000       10.8253174               6          90          92          83          99         155          27
  -6.25000000      -6.25000000      -18.7500000       10.8253174               6          91          93          84         100         156          28
   6.25000000      -6.25000000      -18.7500000       10.8253174               6          92          94          85         101         157          29
   18.7500000      -6.25000000      -18.7500000       10.8253174               6          93          95          86         102         158          30
   31.2500000      -6.25000000      -18.7500000       10.8253174               6          94          96          87         103         159          31
   43.7500000      -6.25000000      -18.7500000       10.8253174               5          95          88         104         160          32
  -43.7500000       6.25000000      -18.7500000       10.8253174               5          98          89         105         161          33
  -31.2500000       6.25000000      -18.7500000       10.8253174               6          97          99          90         106         162          34
  -18.7500000       6.25000000      -18.7500000       10.8253174               6          98         100          91         107         163          35
  -6.25000000       6.25000000      -18.7500000       10.8253174               6          99         101          92         108         164          36
   6.25000000       6.25000000      -18.7500000       10.8253174               6         100         102          93         109         165          37
   18.7500000       6.25000000      -18.7500000       10.8253174               6         101         103          94         110         166          38
   31.2500000       6.25000000      -18.7500000       10.8253174               6         102         104          95         111         167          39
   43.7500000       6.25000000      -18.7500000       10.8253174               5         103          96         112         168          40
  -43.7500000       18.7500000      -18.7500000       10.8253174               5         106          97         113         169          41
  -31.2500000       18.7500000      -18.7500000       10.8253174               6         105         107          98         114         170          42
  -18.7500000       18.7500000      -18.7500000       10.8253174               6         106         108          99         115         171          43
  -6.25000000       18.7500000      -18.7500000       10.8253174               6         107         109         100         116         172          44
   6.25000000       18.7500000      -18.7500000       10.8253174               6         108         110         101         117         173          45
   18.7500000       18.7500000      -18.7500000       10.8253174               6         109         111         102         118         174          46
   31.2500000       18.7500000      -18.7500000       10.8253174               6         110         112         103         119         175          47
   43.7500000       18.7500000      -18.7500000       10.8253174               5         111         104         120         176          48
  -43.7500000       31.2500000      -18.7500000       10.8253174               5         114         105         121         177          49
  -31.2500000       31.2500000      -18.7500000       10.8253174               6         113         115         106         122         178          50
  -18.7500000       31.2500000      -18.7500000       10.8253174               6         114         116         107         123         179          51
  -6.25000000       31.2500000      -18.7500000       10.8253174               6         115         117         108         124         180          52
   6.25000000       31.2500000      -18.7500000       10.8253174               6         116         118         109         125         181          53
   18.7500000       31.2500000      -18.7500000       10.8253174               6         117         119         110         126         182          54
   31.2500000       31.2500000      -18.7500000       10.8253174               6         118         120         111         127         183          55
   43.7500000       31.2500000      -18.7500000       10.8253174               5         119         112         128         184          56
  -43.7500000       43.7500000      -18.7500000       10.8253174               4         122         113         185          57
  -31.2500000       43.7500000      -18.7500000       10.8253174               5         121         123         114         186          58
  -18.7500000       43.7500000      -18.7500000       10.8253174               5         122         124         115         187          59
  -6.25000000       43.7500000      -18.7500000       10.8253174               5         123         125         116         188          60
   6.25000000       43.7500000      -18.7500000       10.8253174               5         124         126         117         189          61
   18.7500000       43.7500000      -18.7500000       10.8253174               5         125         127         118         190          62
   31.2500000       43.7500000      -18.7500000       10.8253174               5         126         128         119         191          63
   43.7500000       43.7500000      -18.7500000       10.8253174               4         127         120         192          64
  -43.7500000      -43.7500000      -31.2500000       10.8253174               4         130         137         193          65
  -31.2500000      -43.7500000      -31.2500000       10.8253174               5         129         131         138         194          66
  -18.7500000      -43.7500000      -31.2500000       10.8253174               5         130         132         139         195          67
  -6.25000000      -43.7500000      -31.2500000       10.8253174               5         131         133         140         196          68
   6.25000000      -43.7500000      -31.2500000       10.8253174               5         132         134         141         197          69
   18.7500000      -43.7500000      -31.2500000       10.8253174               5         133         135         142         198          70
   31.2500000      -43.7500000      -31.2500000       10.8253174               5         134         136         143         199          71
   43.7500000      -43.7500000      -31.2500000       10.8253174               4         135         144         200          72
  -43.7500000      -31.2500000      -31.2500000       10.8253174               5         138         129         145         201          73
  -31.2500000      -31.2500000      -31.2500000       10.8253174               6         137         139         130         146         202          74
  -18.7500000      -31.2500000      -31.2500000       10.8253174               6         138         140         131         147         203          75
  -6.25000000      -31.2500000      -31.2500000       10.8253174               6         139         141         132         148         204          76
   6.25000000      -31.2500000      -31.2500000       10.8253174               6         140         142         133         149         205          77
   18.7500000      -31.2500000      -31.2500000       10.8253174               6         141         143         134         150         206          78
   31.2500000      -31.2500000      -31.2500000       10.8253174               6         142         144         135         151         207          79
   43.7500000      -31.2500000      -31.2500000       10.8253174               5         143         136         152         208          80
  -43.7500000      -18.7500000      -31.2500000       10.8253174               5         146         137         153         209          81
  -31.2500000      -18.7500000      -31.2500000       10.8253174               6         145         147         138         154         210          82
  -18.7500000      -18.7500000      -31.2500000       10.8253174               6         146         148         139         155         211          83
  -6.25000000      -18.7500000      -31.2500000       10.8253174               6         147         149         140         156         212          84
   6.25000000      -18.7500000      -31.2500000       10.8253174               6         148         150         141         157         213          85
   18.7500000      -18.7500000      -31.2500000       10.8253174               6         149         151         142         158         214          86
   31.2500000      -18.7500000      -31.2500000       10.8253174               6         150         152         143         159         215          87
   43.7500000      -18.7500000      -31.2500000       10.8253174               5         151         144         160         216          88
  -43.7500000      -6.25000000      -31.2500000       10.8253174               5         154         145         161         217          89
  -31.2500000      -6.25000000      -31.2500000       10.8253174               6         153         155         146         162         218          90
  -18.7500000      -6.25000000      -31.2500000       10.8253174               6         154         156         147         163         219          91
  -6.25000000      -6.25000000      -31.2500000       10.8253174               6         155         157         148         164         220          92
   6.25000000      -6.25000000      -31.2500000       10.8253174               6         156         158         149         165         221          93
   18.7500000      -6.25000000      -31.2500000       10.8253174               6         157         159         150         166         222          94
   31.2500000      -6.25000000      -31.2500000       10.8253174               6         158         160         151         167         223          95
   43.7500000      -6.25000000      -31.2500000       10.8253174               5         159         152         168         224          96
  -43.7500000       6.25000000      -31.2500000       10.8253174               5         162         153         169         225          97
  -31.2500000       6.25000000      -31.2500000       10.8253174               6         161         163         154         170         226          98
  -18.7500000       6.25000000      -31.2500000       10.8253174               6         162         164         155         171         227          99
  -6.25000000       6.25000000      -31.2500000       10.8253174               6         163         165         156         172         228         100
   6.25000000       6.25000000      -31.2500000       10.8253174               6         164         166         157         173         229         101
   18.7500000       6.25000000      -31.2500000       10.8253174               6         165         167         158         174         230         102
   31.2500000       6.25000000      -31.2500000       10.8253174               6         166         168         159         175         231         103
   43.7500000       6.25000000      -31.2500000       10.8253174               5         167         160         176         232         104
  -43.7500000       18.7500000      -31.2500000       10.8253174               5         170         161         177         233         105
  -31.2500000       18.7500000      -31.2500000       10.8253174               6         169         171         162         178         234         106
  -18.7500000       18.7500000      -31.2500000       10.8253174               6         170         172         163         179         235         107
  -6.25000000       18.7500000      -31.2500000       10.8253174               6         171         173         164         180         236         108
   6.25000000       18.7500000      -31.2500000       10.8253174               6         172         174         165         181         237         109
   18.7500000       18.7500000      -31.2500000       10.8253174               6         173         175         166         182         238         110
   31.2500000       18.7500000      -31.2500000       10.8253174               6         174         176         167         183         239         111
   43.7500000       18.7500000      -31.2500000       10.8253174               5         175         168         184         240         112
  -43.7500000       31.2500000      -31.2500000       10.8253174               5         178         169         185         241         113
  -31.2500000       31.2500000      -31.2500000       10.8253174               6         177         179         170         186         242         114
  -18.7500000       31.2500000      -31.2500000       10.8253174               6         178         180         171         187         243         115
  -6.25000000       31.2500000      -31.2500000       10.8253174               6         179         181         172         188         244         116
   6.25000000       31.2500000      -31.2500000       10.8253174               6         180         182         173         189         245         117
   18.7500000       31.2500000      -31.2500000       10.8253174               6         181         183         174         190         246         118
   31.2500000       31.2500000      -31.2500000       10.8253174               6         182         184         175         191         247         119
   43.7500000       31.2500000      -31.2500000       10.8253174               5         183         176         192         248         120
  -43.7500000       43.7500000      -31.2500000       10.8253174               4         186         177         249         121
  -31.2500000       43.7500000      -31.2500000       10.8253174               5         185         187         178         250         122
  -18.7500000       43.7500000      -31.2500000       10.8253174               5         186         188         179         251         123
  -6.25000000       43.7500000      -31.2500000       10.8253174               5         187         189         180         252         124
   6.25000000       43.7500000      -31.2500000       10.8253174               5         188         190         181         253         125
   18.7500000       43.7500000      -31.2500000       10.8253174               5         189         191         182         254         126
   31.2500000       43.7500000      -31.2500000       10.8253174               5         190         192         183         255         127
   43.7500000       43.7500000      -31.2500000       10.8253174               4         191         184         256         128
  -43.7500000      -43.7500000      -43.7500000       10.8253174               4         194         201         257         129
  -31.2500000      -43.7500000      -43.7500000       10.8253174               5         193         195         202         258         130
  -18.7500000      -43.7500000      -43.7500000       10.8253174               5         194         196         203         259         131
  -6.25000000      -43.7500000      -43.7500000       10.8253174               5         195         197         204         260         132
   6.25000000      -43.7500000      -43.7500000       10.8253174               5         196         198         205         261         133
   18.7500000      -43.7500000      -43.7500000       10.8253174               5         197         199         206         262         134
   31.2500000      -43.7500000      -43.7500000       10.8253174               5         198         200         207         263         135
   43.7500000      -43.7500000      -43.7500000       10.8253174               4         199         208         264         136
  -43.7500000      -31.2500000      -43.7500000       10.8253174               5         202         193         209         265         137
  -31.2500000      -31.2500000      -43.7500000       10.8253174               6         201         203         194         210         266         138
  -18.7500000      -31.2500000      -43.7500000       10.8253174               6         202         204         195         211         267         139
  -6.25000000      -31.2500000      -43.7500000       10.8253174               6         203         205         196         212         268         140
   6.25000000      -31.2500000      -43.7500000       10.8253174               6         204         206         197         213         269         141
   18.7500000      -31.2500000      -43.7500000       10.8253174               6         205         207         198         214         270         142
   31.2500000      -31.2500000      -43.7500000       10.8253174               6         206         208         199         215         271         143
   43.7500000      -31.2500000      -43.7500000       10.8253174               5         207         200         216         272         144
  -43.7500000      -18.7500000      -43.7500000       10.8253174               5         210         201         217         273         145
  -31.2500000      -18.7500000      -43.7500000       10.8253174               6         209         211         202         218         274         146
  -18.7500000      -18.7500000      -43.7500000       10.8253174               6         210         212         203         219         275         147
  -6.25000000      -18.7500000      -43.7500000       10.8253174               6         211         213         204         220         276         148
   6.25000000      -18.7500000      -43.7500000       10.8253174               6         212         214         205         221         277         149
   18.7500000      -18.7500000      -43.7500000       10.8253174               6         213         215         206         222         278         150
   31.2500000      -18.7500000      -43.7500000       10.8253174               6         214         216         207         223         279         151
   43.7500000      -18.7500000      -43.7500000       10.8253174               5         215         208         224         280         152
  -43.7500000      -6.25000000      -43.7500000       10.8253174               5         218         209         225         281         153
  -31.2500000      -6.25000000      -43.7500000       10.8253174               6         217         219         210         226         282         154
  -18.7500000      -6.25000000      -43.7500000       10.8253174               6         218         220         211         227         283         155
  -6.25000000      -6.25000000      -43.7500000       10.8253174               6         219         221         212         228         284         156
   6.25000000      -6.25000000      -43.7500000       10.8253174               6         220         222         213         229         285         157
   18.7500000      -6.25000000      -43.7500000       10.8253174               6         221         223         214         230         286         158
   31.2500000      -6.25000000      -43.7500000       10.8253174               6         222         224         215         231         287         159
   43.7500000      -6.25000000      -43.7500000       10.8253174               5         223         216         232         288         160
  -43.7500000       6.25000000      -43.7500000       10.8253174               5         226         217         233         289         161
  -31.2500000       6.25000000      -43.7500000       10.8253174               6         225         227         218         234         290         162
  -18.7500000       6.25000000      -43.7500000       10.8253174               6         226         228         219         235         291         163
  -6.25000000       6.25000000      -43.7500000       10.8253174               6         227         229         220         236         292         164
   6.25000000       6.25000000      -43.7500000       10.8253174               6         228         230         221         237         293         165
   18.7500000       6.25000000      -43.7500000       10.8253174               6         229         231         222         238         294         166
   31.2500000       6.25000000      -43.7500000       10.8253174               6         230         232         223         239         295         167
   43.7500000       6.25000000      -43.7500000       10.8253174               5         231         224         240         296         168
  -43.7500000       18.7500000      -43.7500000       10.8253174               5         234         225         241         297         169
  -31.2500000       18.7500000      -43.7500000       10.8253174               6         233         235         226         242         298         170
  -18.7500000       18.7500000      -43.7500000       10.8253174               6         234         236         227         243         299         171
  -6.25000000       18.7500000      -43.7500000       10.8253174               6         235         237         228         244         300         172
   6.25000000       18.7500000      -43.7500000       10.8253174               6         236         238         229         245         301         173
   18.7500000       18.7500000      -43.7500000       10.8253174               6         237         239         230         246         302         174
   31.2500000       18.7500000      -43.7500000       10.8253174               6         238         240         231         247         303         175
   43.7500000       18.7500000      -43.7500000       10.8253174               5         239         232         248         304         176
  -43.7500000       31.2500000      -43.7500000       10.8253174               5         242         233         249         305         177
  -31.2500000       31.2500000      -43.7500000       10.8253174               6         241         243         234         250         306         178
  -18.7500000       31.2500000      -43.7500000       10.8253174               6         242         244         235         251         307         179
  -6.25000000       31.2500000      -43.7500000       10.8253174               6         243         245         236         252         308         180
   6.25000000       31.2500000      -43.7500000       10.8253174               6         244         246         237         253         309         181
   18.7500000       31.2500000      -43.7500000       10.8253174               6         245         247         238         254         310         182
   31.2500000       31.2500000      -43.7500000       10.8253174               6         246         248         239         255         311         183
   43.7500000       31.2500000      -43.7500000       10.8253174               5         247         240         256         312         184
  -43.7500000       43.7500000      -43.7500000       10.8253174               4         250         241         313         185
  -31.2500000       43.7500000      -43.7500000       10.8253174               5         249         251         242         314         186
  -18.7500000       43.7500000      -43.7500000       10.8253174               5         250         252         243         315         187
  -6.25000000       43.7500000      -43.7500000       10.8253174               5         251         253         244         316         188
   6.25000000       43.7500000      -43.7500000       10.8253174               5         252         254         245         317         189
   18.7500000       43.7500000      -43.7500000       10.8253174               5         253         255         246         318         190
   31.2500000       43.7500000      -43.7500000       10.8253174               5         254         256         247         319         191
   43.7500000       43.7500000      -43.7500000       10.8253174               4         255         248         320         192
  -43.7500000      -43.7500000      -56.2500000       10.8253174               4         258         265         321         193
  -31.2500000      -43.7500000      -56.2500000       10.8253174               5         257         259         266         322         194
  -18.7500000      -43.7500000      -56.2500000       10.8253174               5         258         260         267         323         195
  -6.25000000      -43.7500000      -56.2500000       10.8253174               5         259         261         268         324         196
   6.25000000      -43.7500000      -56.2500000       10.8253174               5         260         262         269         325         197
   18.7500000      -43.7500000      -56.2500000       10.8253174               5         261         263         270         326         198
   31.2500000      -43.7500000      -56.2500000       10.8253174               5         262         264         271         327         199
   43.7500000      -43.7500000      -56.2500000       10.8253174               4         263         272         328         200
  -43.7500000      -31.2500000      -56.2500000       10.8253174               5         266         257         273         329         201
  -31.2500000      -31.2500000      -56.2500000       10.8253174               6         265         267         258         274         330         202
  -18.7500000      -31.2500000      -56.2500000       10.8253174               6         266         268         259         275         331         203
  -6.25000000      -31.2500000      -56.2500000       10.8253174               6         267         269         260         276         332         204
   6.25000000      -31.2500000      -56.2500000       10.8253174               6         268         270         261         277         333         205
   18.7500000      -31.2500000      -56.2500000       10.8253174               6         269         271         262         278         334         206
   31.2500000      -31.2500000      -56.2500000       10.8253174               6         270         272         263         279         335         207
   43.7500000      -31.2500000      -56.2500000       10.8253174               5         271         264         280         336         208
  -43.7500000      -18.7500000      -56.2500000       10.8253174               5         274         265         281         337         209
  -31.2500000      -18.7500000      -56.2500000       10.8253174               6         273         275         266         282         338         210
  -18.7500000      -18.7500000      -56.2500000       10.8253174               6         274         276         267         283         339         211
  -6.25000000      -18.7500000      -56.2500000       10.8253174               6         275         277         268         284         340         212
   6.25000000      -18.7500000      -56.2500000       10.8253174               6         276         278         269         285         341         213
   18.7500000      -18.7500000      -56.2500000       10.8253174               6         277         279         270         286         342         214
   31.2500000      -18.7500000      -56.2500000       10.8253174               6         278         280         271         287         343         215
   43.7500000      -18.7500000      -56.2500000       10.8253174               5         279         272         288         344         216
  -43.7500000      -6.25000000      -56.2500000       10.8253174               5         282         273         289         345         217
  -31.2500000      -6.25000000      -56.2500000       10.8253174               6         281         283         274         290         346         218
  -18.7500000      -6.25000000      -56.2500000       10.8253174               6         282         284         275         291         347         219
  -6.25000000      -6.25000000      -56.2500000       10.8253174               6         283         285         276         292         348         220
   6.25000000      -6.25000000      -56.2500000       10.8253174               6         284         286         277         293         349         221
   18.7500000      -6.25000000      -56.2500000       10.8253174               6         285         287         278         294         350         222
   31.2500000      -6.25000000      -56.2500000       10.8253174               6         286         288         279         295         351         223
   43.7500000      -6.25000000      -56.2500000       10.8253174               5         287         280         296         352         224
  -43.7500000       6.25000000      -56.2500000       10.8253174               5         290         281         297         353         225
  -31.2500000       6.25000000      -56.2500000       10.8253174               6         289         291         282         298         354         226
  -18.7500000       6.25000000      -56.2500000       10.8253174               6         290         292         283         299         355         227
  -6.25000000       6.25000000      -56.2500000       10.8253174               6         291         293         284         300         356         228
   6.25000000       6.25000000      -56.2500000       10.8253174               6         292         294         285         301         357         229
   18.7500000       6.25000000      -56.2500000       10.8253174               6         293         295         286         302         358         230
   31.2500000       6.25000000      -56.2500000       10.8253174               6         294         296         287         303         359         231
   43.7500000       6.25000000      -56.2500000       10.8253174               5         295         288         304         360         232
  -43.7500000       18.7500000      -56.2500000       10.8253174               5         298         289         305         361         233
  -31.2500000       18.7500000      -56.2500000       10.8253174               6         297         299         290         306         362         234
  -18.7500000       18.7500000      -56.2500000       10.8253174               6         298         300         291         307         363         235
  -6.25000000       18.7500000      -56.2500000       10.8253174               6         299         301         292         308         364         236
   6.25000000       18.7500000      -56.2500000       10.8253174               6         300         302         293         309         365         237
   18.7500000       18.7500000      -56.2500000       10.8253174               6         301         303         294         310         366         238
   31.2500000       18.7500000      -56.2500000       10.8253174               6         302         304         295         311         367         239
   43.7500000       18.7500000      -56.2500000       10.8253174               5         303         296         312         368         240
  -43.7500000       31.2500000      -56.2500000       10.8253174               5         306         297         313         369         241
  -31.2500000       31.2500000      -56.2500000       10.8253174               6         305         307         298         314         370         242
  -18.7500000       31.2500000      -56.2500000       10.8253174               6         306         308         299         315         371         243
  -6.25000000       31.2500000      -56.2500000       10.8253174               6         307         309         300         316         372         244
   6.25000000       31.2500000      -56.2500000       10.8253174               6         308         310         301         317         373         245
   18.7500000       31.2500000      -56.2500000       10.8253174               6         309         311         302         318         374         246
   31.2500000       31.2500000      -56.2500000       10.8253174               6         310         312         303         319         375         247
   43.7500000       31.2500000      -56.2500000       10.8253174               5         311         304         320         376         248
  -43.7500000       43.7500000      -56.2500000       10.8253174               4         314         305         377         249
  -31.2500000       43.7500000      -56.2500000       10.8253174               5         313         315         306         378         250
  -18.7500000       43.7500000      -56.2500000       10.8253174               5         314         316         307         379         251
  -6.25000000       43.7500000      -56.2500000       10.8253174               5         315         317         308         380         252
   6.25000000       43.7500000      -56.2500000       10.8253174               5         316         318         309         381         253
   18.7500000       43.7500000      -56.2500000       10.8253174               5         317         319         310         382         254
   31.2500000       43.7500000      -56.2500000       10.8253174               5         318         320         311         383         255
   43.7500000       43.7500000      -56.2500000       10.8253174               4         319         312         384         256
  -43.7500000      -43.7500000      -68.7500000       10.8253174               3         322         329         257
  -31.2500000      -43.7500000      -68.7500000       10.8253174               4         321         323         330         258
  -18.7500000      -43.7500000      -68.7500000       10.8253174               4         322         324         331         259
  -6.25000000      -43.7500000      -68.7500000       10.8253174               4         323         325         332         260
   6.25000000      -43.7500000      -68.7500000       10.8253174               4         324         326         333         261
   18.7500000      -43.7500000      -68.7500000       10.8253174               4         325         327         334         262
   31.2500000      -43.7500000      -68.7500000       10.8253174               4         326         328         335         263
   43.7500000      -43.7500000      -68.7500000       10.8253174               3         327         336         264
  -43.7500000      -31.2500000      -68.7500000       10.8253174               4         330         321         337         265
  -31.2500000      -31.2500000      -68.7500000       10.8253174               5         329         331         322         338         266
  -18.7500000      -31.2500000      -68.7500000       10.8253174               5         330         332         323         339         267
  -6.25000000      -31.2500000      -68.7500000       10.8253174               5         331         333         324         340         268
   6.25000000      -31.2500000      -68.7500000       10.8253174               5         332         334         325         341         269
   18.7500000      -31.2500000      -68.7500000       10.8253174               5         333         335         326         342         270
   31.2500000      -31.2500000      -68.7500000       10.8253174               5         334         336         327         343         271
   43.7500000      -31.2500000      -68.7500000       10.8253174               4         335         328         344         272
  -43.7500000      -18.7500000      -68.7500000       10.8253174               4         338         329         345         273
  -31.2500000      -18.7500000      -68.7500000       10.8253174               5         337         339         330         346         274
  -18.7500000      -18.7500000      -68.7500000       10.8253174               5         338         340         331         347         275
  -6.25000000      -18.7500000      -68.7500000       10.8253174               5         339         341         332         348         276
   6.25000000      -18.7500000      -68.7500000       10.8253174               5         340         342         333         349         277
   18.7500000      -18.7500000      -68.7500000       10.8253174               5         341         343         334         350         278
   31.2500000      -18.7500000      -68.7500000       10.8253174               5         342         344         335         351         279
   43.7500000      -18.7500000      -68.7500000       10.8253174               4         343         336         352         280
  -43.7500000      -6.25000000      -68.7500000       10.8253174               4         346         337         353         281
  -31.2500000      -6.25000000      -68.7500000       10.8253174               5         345         347         338         354         282
  -18.7500000      -6.25000000      -68.7500000       10.8253174               5         346         348         339         355         283
  -6.25000000      -6.25000000      -68.7500000       10.8253174               5         347         349         340         356         284
   6.25000000      -6.25000000      -68.7500000       10.8253174               5         348         350         341         357         285
   18.7500000      -6.25000000      -68.7500000       10.8253174               5         349         351         342         358         286
   31.2500000      -6.25000000      -68.7500000       10.8253174               5         350         352         343         359         287
   43.7500000      -6.25000000      -68.7500000       10.8253174               4         351         344         360         288
  -43.7500000       6.25000000      -68.7500000       10.8253174               4         354         345         361         289
  -31.2500000       6.25000000      -68.7500000       10.8253174               5         353         355         346         362         290
  -18.7500000       6.25000000      -68.7500000       10.8253174               5         354         356         347         363         291
  -6.25000000       6.25000000      -68.7500000       10.8253174               5         355         357         348         364         292
   6.25000000       6.25000000      -68.7500000       10.8253174               5         356         358         349         365         293
   18.7500000       6.25000000      -68.7500000       10.8253174               5         357         359         350         366         294
   31.2500000       6.25000000      -68.7500000       10.8253174               5         358         360         351         367         295
   43.7500000       6.25000000      -68.7500000       10.8253174               4         359         352         368         296
  -43.7500000       18.7500000      -68.7500000       10.8253174               4         362         353         369         297
  -31.2500000       18.7500000      -68.7500000       10.8253174               5         361         363         354         370         298
  -18.7500000       18.7500000      -68.7500000       10.8253174               5         362         364         355         371         299
  -6.25000000       18.7500000      -68.7500000       10.8253174               5         363         365         356         372         300
   6.25000000       18.7500000      -68.7500000       10.8253174               5         364         366         357         373         301
   18.7500000       18.7500000      -68.7500000       10.8253174               5         365         367         358         374         302
   31.2500000       18.7500000      -68.7500000       10.8253174               5         366         368         359         375         303
   43.7500000       18.7500000      -68.7500000       10.8253174               4         367         360         376         304
  -43.7500000       31.2500000      -68.7500000       10.8253174               4         370         361         377         305
  -31.2500000       31.2500000      -68.7500000       10.8253174               5         369         371         362         378         306
  -18.7500000       31.2500000      -68.7500000       10.8253174               5         370         372         363         379         307
  -6.25000000       31.2500000      -68.7500000       10.8253174               5         371         373         364         380         308
   6.25000000       31.2500000      -68.7500000       10.8253174               5         372         374         365         381         309
   18.7500000       31.2500000      -68.7500000       10.8253174               5         373         375         366         382         310
   31.2500000       31.2500000      -68.7500000       10.8253174               5         374         376         367         383         311
   43.7500000       31.2500000      -68.7500000       10.8253174               4         375         368         384         312
  -43.7500000       43.7500000      -68.7500000       10.8253174               3         378         369         313
  -31.2500000       43.7500000      -68.7500000       10.8253174               4         377         379         370         314
  -18.7500000       43.7500000      -68.7500000       10.8253174               4         378         380         371         315
  -6.25000000       43.7500000      -68.7500000       10.8253174               4         379         381         372         316
   6.25000000       43.7500000      -68.7500000       10.8253174               4         380         382         373         317
   18.7500000       43.7500000      -68.7500000       10.8253174               4         381         383         374         318
   31.2500000       43.7500000      -68.7500000       10.8253174               4         382         384         375         319
   43.7500000       43.7500000      -68.7500000       10.8253174               3         383         376         320
 rho   
         384
           1           2           3           4           5           6           7           8           9          10          11          12          13          14          15          16          17          18          19          20          21          22          23          24          25          26          27          28          29          30          31          32          33          34          35          36          37          38          39          40          41          42          43          44          45          46          47          48          49          50          51          52          53          54          55          56          57          58          59          60          61          62          63          64          65          66          67          68          69          70          71          72          73          74          75          76          77          78          79          80          81          82          83          84          85          86          87          88          89          90          91          92          93          94          95          96          97          98          99         100         101         102         103         104         105         106         107         108         109         110         111         112         113         114         115         116         117         118         119         120         121         122         123         124         125         126         127         128         129         130         131         132         133         134         135         136         137         138         139         140         141         142         143         144         145         146         147         148         149         150         151         152         153         154         155         156         157         158         159         160         161         162         163         164         165         166         167         168         169         170         171         172         173         174         175         176         177         178         179         180         181         182         183         184         185         186         187         188         189         190         191         192         193         194         195         196         197         198         199         200         201         202         203         204         205         206         207         208         209         210         211         212         213         214         215         216         217         218         219         220         221         222         223         224         225         226         227         228         229         230         231         232         233         234         235         236         237         238         239         240         241         242         243         244         245         246         247         248         249         250         251         252         253         254         255         256         257         258         259         260         261         262         263         264         265         266         267         268         269         270         271         272         273         274         275         276         277         278         279         280         281         282         283         284         285         286         287         288         289         290         291         292         293         294         295         296         297         298         299         300         301         302         303         304         305         306         307         308         309         310         311         312         313         314         315         316         317         318         319         320         321         322         323         324         325         326         327         328         329         330         331         332         333         334         335         336         337         338         339         340         341         342         343         344         345         346         347         348         349         350         351         352         353         354         355         356         357         358         359         360         361         362         363         364         365         366         367         368         369         370         371         372         373         374         375         376         377         378         379         380         381         382         383         384
   1800.00037       1799.99963       1799.99976       1799.99988       1800.00024       1800.00024       1800.00000       1799.99951       1799.99976       1800.00012       1800.00000       1800.00012       1800.00000       1800.00012       1800.00000       1800.00049       1800.00049       1800.00012       1800.00024       1799.99976       1799.99988       1800.00012       1800.00024       1800.00024       1800.00037       1800.00012       1800.00000       1800.00012       1799.99951       1800.00012       1800.00000       1799.99939       1800.00000       1800.00000       1799.99988       1799.99951       1800.00000       1800.00000       1799.99988       1799.99951       1799.99976       1800.00012       1800.00000       1800.00012       1800.00000       1800.00012       1800.00000       1800.00049       1800.00049       1800.00012       1800.00024       1799.99976       1799.99988       1800.00012       1800.00024       1800.00024       1800.00024       1800.00012       1799.99988       1800.00037       1800.00024       1800.00012       1799.99988       1800.00012       1799.99988       1800.00024       1800.00037       1800.00012       1799.99976       1799.99963       1800.00024       1799.99976       1800.00012       1799.99988       1799.99988       1800.00000       1800.00037       1799.99976       1800.00012       1800.00000       1800.00000       1799.99976       1800.00000       1800.00024       1799.99988       1799.99976       1800.00000       1800.00000       1799.99988       1800.00012       1800.00000       1800.00061       1799.99988       1800.00012       1800.00000       1800.00024       1800.00000       1799.99976       1799.99988       1800.00012       1799.99963       1799.99976       1799.99988       1800.00024       1800.00012       1799.99988       1799.99988       1800.00000       1800.00000       1799.99988       1799.99988       1800.00000       1800.00000       1799.99976       1800.00000       1800.00024       1799.99988       1799.99976       1800.00000       1800.00000       1799.99976       1800.00024       1800.00037       1800.00037       1799.99988       1800.00024       1800.00037       1800.00012       1800.00073       1800.00012       1800.00024       1799.99988       1800.00000       1800.00037       1800.00000       1800.00049       1799.99988       1800.00024       1800.00000       1800.00012       1800.00012       1799.99976       1800.00000       1800.00000       1800.00012       1800.00024       1800.00000       1800.00049       1799.99988       1800.00024       1800.00000       1799.99939       1800.00037       1800.00000       1799.99988       1800.00012       1799.99963       1800.00000       1799.99988       1799.99976       1800.00049       1799.99988       1799.99976       1800.00024       1799.99988       1799.99988       1799.99976       1799.99976       1799.99988       1800.00024       1800.00000       1800.00012       1800.00024       1800.00024       1800.00000       1800.00000       1800.00012       1800.00024       1800.00000       1800.00049       1799.99988       1800.00024       1800.00000       1799.99939       1800.00000       1800.00012       1800.00000       1800.00000       1799.99976       1800.00012       1800.00000       1800.00024       1799.99963       1799.99988       1799.99963       1800.00000       1799.99988       1799.99951       1800.00012       1799.99976       1799.99976       1800.00000       1800.00024       1800.00012       1799.99976       1800.00000       1800.00024       1800.00012       1800.00012       1800.00012       1800.00012       1800.00000       1799.99988       1800.00012       1800.00012       1800.00000       1800.00024       1800.00012       1800.00012       1799.99976       1800.00024       1800.00012       1800.00012       1799.99988       1800.00024       1800.00024       1800.00049       1800.00000       1800.00000       1800.00024       1800.00049       1800.00049       1799.99976       1800.00000       1800.00024       1800.00012       1799.99976       1800.00000       1800.00024       1800.00012       1800.00012       1800.00012       1800.00012       1800.00000       1799.99988       1800.00012       1800.00012       1800.00000       1800.00012       1799.99951       1800.00000       1799.99988       1800.00024       1799.99951       1800.00000       1800.00000       1799.99939       1800.00000       1800.00037       1800.00000       1799.99976       1800.00000       1800.00037       1800.00024       1799.99976       1800.00024       1800.00012       1799.99988       1799.99976       1800.00024       1800.00037       1800.00000       1799.99976       1800.00037       1800.00049       1800.00000       1800.00024       1800.00012       1800.00012       1799.99988       1799.99976       1800.00000       1800.00037       1799.99976       1800.00000       1800.00000       1800.00037       1800.00012       1800.00037       1800.00000       1800.00000       1800.00024       1799.99963       1800.00000       1800.00000       1799.99976       1799.99951       1800.00024       1800.00012       1799.99988       1799.99963       1800.00024       1800.00012       1800.00000       1800.00012       1800.00037       1800.00049       1800.00000       1800.00024       1800.00037       1800.00049       1799.99988       1799.99976       1800.00012       1799.99951       1799.99951       1800.00024       1800.00012       1799.99951       1800.00024       1799.99976       1800.00000       1799.99963       1799.99988       1799.99976       1800.00000       1799.99963       1800.00012       1800.00000       1800.00012       1800.00012       1800.00049       1800.00000       1800.00012       1800.00012       1800.00000       1799.99988       1800.00024       1800.00000       1800.00012       1800.00000       1800.00049       1800.00000       1799.99963       1800.00000       1800.00049       1800.00024       1799.99976       1800.00037       1800.00049       1800.00012       1799.99951       1800.00000       1800.00024       1799.99988       1799.99988       1799.99963       1799.99976       1800.00000       1800.00000       1800.00000       1800.00012       1800.00012       1800.00049       1799.99963       1800.00012       1800.00037       1800.00012       1800.00024       1799.99988       1799.99988       1800.00012       1800.00061       1800.00012       1800.00037       1800.00000       1800.00061       1800.00012       1800.00000       1800.00012       1799.99963       1800.00012       1800.00000       1799.99988    
 vp    
         384
           1           2           3           4           5           6           7           8           9          10          11          12          13          14          15          16          17          18          19          20          21          22          23          24          25          26          27          28          29          30          31          32          33          34          35          36          37          38          39          40          41          42          43          44          45          46          47          48          49          50          51          52          53          54          55          56          57          58          59          60          61          62          63          64          65          66          67          68          69          70          71          72          73          74          75          76          77          78          79          80          81          82          83          84          85          86          87          88          89          90          91          92          93          94          95          96          97          98          99         100         101         102         103         104         105         106         107         108         109         110         111         112         113         114         115         116         117         118         119         120         121         122         123         124         125         126         127         128         129         130         131         132         133         134         135         136         137         138         139         140         141         142         143         144         145         146         147         148         149         150         151         152         153         154         155         156         157         158         159         160         161         162         163         164         165         166         167         168         169         170         171         172         173         174         175         176         177         178         179         180         181         182         183         184         185         186         187         188         189         190         191         192         193         194         195         196         197         198         199         200         201         202         203         204         205         206         207         208         209         210         211         212         213         214         215         216         217         218         219         220         221         222         223         224         225         226         227         228         229         230         231         232         233         234         235         236         237         238         239         240         241         242         243         244         245         246         247         248         249         250         251         252         253         254         255         256         257         258         259         260         261         262         263         264         265         266         267         268         269         270         271         272         273         274         275         276         277         278         279         280         281         282         283         284         285         286         287         288         289         290         291         292         293         294         295         296         297         298         299         300         301         302         303         304         305         306         307         308         309         310         311         312         313         314         315         316         317         318         319         320         321         322         323         324         325         326         327         328         329         330         331         332         333         334         335         336         337         338         339         340         341         342         343         344         345         346         347         348         349         350         351         352         353         354         355         356         357         358         359         360         361         362         363         364         365         366         367         368         369         370         371         372         373         374         375         376         377         378         379         380         381         382         383         384
   1081.15601       1080.09387       1078.97961       1079.09717       1078.89856       1078.28638       1078.90576       1080.41357       1080.43091       1077.84399       1074.70178       1076.08020       1077.07422       1077.01160       1075.79443       1078.94446       1080.08618       1077.11401       1068.33313       1070.13367       1069.14807       1074.21277       1075.33020       1076.88684       1081.55579       1081.75623       1069.46558       1071.86975       1068.19861       1070.95532       1078.02185       1075.96790       1083.57947       1085.32153       1078.05530       1079.58044       1077.83911       1084.43542       1083.79932       1080.64734       1083.90356       1085.25415       1084.82544       1082.06665       1084.27515       1091.80774       1085.77222       1083.30750       1083.25818       1084.55579       1084.87256       1084.70691       1086.43787       1087.82898       1084.52893       1082.62610       1082.86768       1083.31055       1083.49780       1083.48328       1084.42908       1085.27942       1083.27307       1082.35962       1081.21631       1079.78540       1078.32043       1078.02112       1078.17896       1077.90820       1077.67480       1079.15356       1080.14111       1078.30603       1074.56934       1074.95227       1076.18091       1074.32751       1072.46924       1077.06213       1081.76318       1078.31982       1065.92615       1061.28967       1063.79919       1066.90759       1067.27539       1074.04895       1086.28882       1083.49756       1066.87585       1062.00549       1064.50122       1062.52478       1063.95325       1072.95264       1088.02673       1089.41296       1080.20947       1080.85193       1084.91467       1082.59290       1076.92371       1078.43567       1086.94617       1087.39160       1086.03186       1086.23547       1091.59741       1092.68384       1081.51123       1083.21924       1085.82336       1085.75867       1085.14709       1085.11890       1087.95264       1087.23706       1082.21130       1082.82300       1083.25793       1084.13757       1084.12402       1084.12646       1084.65417       1084.73499       1083.30994       1082.06702       1081.67163       1081.06543       1080.56189       1080.35449       1080.01440       1079.02185       1078.00281       1079.35010       1081.99939       1081.18945       1080.91394       1080.98291       1079.95081       1077.04919       1074.11194       1076.82861       1083.99951       1083.36670       1083.83777       1085.81506       1085.12195       1077.34839       1070.99866       1075.01868       1089.14893       1091.67065       1094.24622       1102.71692       1106.14392       1090.82593       1071.26318       1076.62207       1091.55823       1097.36584       1100.06543       1110.55188       1115.15491       1101.17432       1082.32019       1080.88086       1090.55164       1095.38306       1093.78967       1099.29761       1102.77380       1095.01013       1084.94116       1083.23096       1087.04321       1089.24048       1088.49255       1089.59351       1089.65552       1085.89661       1083.07227       1082.21460       1083.80054       1084.85864       1084.56458       1084.36914       1084.30615       1084.48621       1083.40869       1081.89258       1082.12268       1081.95300       1081.64905       1080.95032       1080.27893       1079.58118       1078.91711       1079.91687       1082.84155       1083.15784       1082.93201       1080.68323       1079.08362       1077.99841       1075.70898       1078.17322       1085.30383       1087.25525       1090.16272       1087.39673       1082.08948       1077.57886       1073.86963       1076.53284       1089.18323       1094.15369       1098.49756       1100.51965       1096.28967       1085.73059       1074.61670       1077.86072       1090.76880       1096.17102       1096.47900       1098.33008       1096.78845       1089.79175       1082.24634       1080.86731       1089.82043       1093.59375       1089.13892       1088.66260       1088.29138       1087.09143       1084.94702       1082.35168       1086.68469       1088.38452       1086.49902       1085.59119       1085.08057       1084.16882       1082.23779       1082.46741       1083.92432       1084.74109       1084.20837       1083.96753       1083.87524       1083.40295       1082.44434       1082.03479       1082.13330       1082.10022       1081.70300       1080.94409       1080.34277       1080.02893       1079.83081       1080.61560       1082.83691       1083.10486       1082.78735       1081.54724       1080.18237       1078.31006       1077.62207       1079.46204       1084.38916       1085.06714       1084.53369       1081.67065       1079.88794       1078.70642       1076.04028       1078.51306       1086.27002       1087.88269       1087.06348       1084.41223       1082.28687       1080.14929       1077.21338       1078.40271       1087.01294       1089.19531       1088.03406       1086.69641       1085.76868       1083.15222       1080.08057       1080.31238       1086.24951       1088.42468       1086.68530       1085.89197       1085.62109       1083.77734       1081.78870       1081.82092       1084.64209       1085.81396       1084.58105       1083.30017       1082.61658       1081.90210       1081.94080       1081.91028       1083.33154       1083.72925       1083.32227       1082.84290       1082.59949       1082.42273       1082.00867       1081.86328       1082.19165       1082.17212       1081.98865       1081.68616       1081.36914       1080.97839       1080.80908       1081.48132       1082.60217       1082.62256       1082.25000       1081.37720       1080.82483       1080.72290       1080.13843       1080.31665       1083.06396       1083.66101       1083.32043       1082.20410       1081.27307       1080.66248       1080.14832       1080.13440       1083.74707       1084.90906       1084.71594       1083.91724       1083.23560       1082.40308       1080.84644       1080.77356       1084.09802       1085.38367       1085.12195       1084.63232       1084.21741       1083.63525       1082.09277       1081.47070       1083.95178       1084.94873       1084.54749       1084.15686       1083.85730       1083.63623       1082.62207       1081.90405       1083.17078       1083.86401       1083.53003       1083.33435       1083.28259       1082.98560       1082.12415       1082.04016       1082.46936       1082.71851       1082.46179       1082.08960       1081.92688       1081.88171       1082.02820       1082.08594    
 vs    
         384
           1           2           3           4           5           6           7           8           9          10          11          12          13          14          15          16          17          18          19          20          21          22          23          24          25          26          27          28          29          30          31          32          33          34          35          36          37          38          39          40          41          42          43          44          45          46          47          48          49          50          51          52          53          54          55          56          57          58          59          60          61          62          63          64          65          66          67          68          69          70          71          72          73          74          75          76          77          78          79          80          81          82          83          84          85          86          87          88          89          90          91          92          93          94          95          96          97          98          99         100         101         102         103         104         105         106         107         108         109         110         111         112         113         114         115         116         117         118         119         120         121         122         123         124         125         126         127         128         129         130         131         132         133         134         135         136         137         138         139         140         141         142         143         144         145         146         147         148         149         150         151         152         153         154         155         156         157         158         159         160         161         162         163         164         165         166         167         168         169         170         171         172         173         174         175         176         177         178         179         180         181         182         183         184         185         186         187         188         189         190         191         192         193         194         195         196         197         198         199         200         201         202         203         204         205         206         207         208         209         210         211         212         213         214         215         216         217         218         219         220         221         222         223         224         225         226         227         228         229         230         231         232         233         234         235         236         237         238         239         240         241         242         243         244         245         246         247         248         249         250         251         252         253         254         255         256         257         258         259         260         261         262         263         264         265         266         267         268         269         270         271         272         273         274         275         276         277         278         279         280         281         282         283         284         285         286         287         288         289         290         291         292         293         294         295         296         297         298         299         300         301         302         303         304         305         306         307         308         309         310         311         312         313         314         315         316         317         318         319         320         321         322         323         324         325         326         327         328         329         330         331         332         333         334         335         336         337         338         339         340         341         342         343         344         345         346         347         348         349         350         351         352         353         354         355         356         357         358         359         360         361         362         363         364         365         366         367         368         369         370         371         372         373         374         375         376         377         378         379         380         381         382         383         384
   625.042542       625.073975       624.680603       624.225159       623.908325       624.048157       624.533264       624.789001       624.829529       624.830872       624.094177       623.463257       622.591125       622.941650       623.997009       624.578735       624.127197       624.067322       621.834961       619.956299       619.875000       622.264832       623.959290       624.547119       623.156677       622.136169       615.537598       612.373596       614.481689       620.811096       623.473267       624.607239       624.564392       623.587952       622.769409       624.895935       625.687744       624.728394       625.598938       625.523438       626.311462       626.535522       626.420044       627.621521       627.404541       626.567200       626.558838       625.870605       626.051086       626.643555       625.457458       625.327393       625.561829       625.833740       625.913391       625.654785       625.497253       625.850769       625.682617       625.584167       625.520752       625.430664       625.409546       625.283569       625.192932       625.349060       625.106445       624.082581       623.388916       623.566467       624.179932       624.706848       624.966919       624.718018       624.219727       621.866699       620.595032       621.680359       623.162354       624.364929       623.883911       622.545593       620.862793       617.043213       615.338684       618.207825       622.765686       624.283081       623.026611       619.417786       613.660095       608.565796       607.848267       613.600891       621.648743       624.405579       625.084106       623.880676       626.250732       632.534546       630.022888       625.302185       625.775696       626.167664       628.132629       630.676331       632.015076       635.522339       633.987305       630.293030       628.355896       626.740540       627.465027       629.340576       629.053467       629.726318       629.317993       628.378113       627.386475       626.350159       626.108582       627.031433       627.041809       627.237244       627.066162       626.650208       626.093323       625.647888       625.651917       626.313721       626.583130       625.943054       625.047485       624.522278       624.592834       624.804077       626.116150       627.265381       627.778748       626.631592       625.058960       624.095642       624.262695       624.775391       626.284851       627.676636       628.392944       627.924500       625.757690       623.972168       624.896729       625.185120       626.180359       626.850098       627.041687       632.720764       630.166382       626.002441       626.776978       626.139038       627.279236       628.713135       634.565247       645.585754       643.431824       634.607300       630.517883       627.743225       628.958984       632.048767       634.521973       638.626465       637.873413       634.078552       630.776062       627.825378       628.028687       630.516418       631.260864       631.922791       631.507080       630.470276       628.672729       627.040039       626.474976       627.637268       628.036682       628.445129       628.121338       627.534851       626.783630       625.966553       625.859436       626.590393       626.875854       626.602722       625.934509       625.371948       625.207886       625.114929       626.621094       628.145081       628.829407       628.499573       627.216064       626.093567       625.842590       625.419067       627.083191       629.133972       630.123230       630.716492       629.748535       628.187561       627.864563       626.306519       627.336365       629.144897       630.855286       634.667175       634.544250       631.900085       630.753235       627.725281       627.978577       630.328735       633.746155       638.909607       639.177612       635.791809       632.950378       628.695374       628.826965       632.253296       634.215210       635.757141       635.917114       634.451965       631.692627       628.274963       627.950317       630.412842       631.660645       632.093201       631.653381       630.861938       629.093079       627.183899       626.477783       627.659790       628.216553       628.464722       628.168457       627.689392       626.953430       626.019531       625.675354       626.190063       626.395935       626.264648       625.930969       625.636108       625.495056       625.261719       626.338318       627.383911       627.875854       627.643921       627.081970       626.628357       626.308777       625.675720       626.821472       628.448181       629.195801       629.085266       628.461365       628.053528       627.728088       626.365784       627.109131       629.029480       630.132263       631.008301       630.916931       630.272034       629.373169       627.344116       627.546082       629.756409       631.239624       632.518433       632.755676       632.001709       630.448181       627.809265       627.779602       630.142700       631.536194       631.782043       631.695129       631.177551       629.600830       627.413513       627.141479       628.846436       629.824280       630.002563       629.737305       629.211365       628.100769       626.663635       626.119568       626.970642       627.517456       627.640686       627.448059       627.096741       626.529663       625.808289       625.333801       625.574341       625.622009       625.551819       625.471680       625.445435       625.413818       625.117554       625.708923       626.225098       626.405457       626.312378       626.126892       626.002869       625.880615       625.403076       626.111084       626.890076       627.016907       626.753174       626.492554       626.649780       626.500793       625.799683       626.275146       627.120056       627.272827       626.974854       626.885559       627.268860       627.100037       626.123413       626.493896       627.494263       627.770874       628.028442       628.186096       628.024719       627.456604       626.321533       626.385925       627.428284       628.112000       628.142334       627.999695       627.670105       627.010864       626.138123       626.033203       626.845581       627.309937       627.253174       627.044739       626.956177       626.578430       625.794128       625.625671       626.059998       626.328186       626.407837       626.301208       626.033386       625.705994       625.450745    
